-0.0,-0.0,-0.0,-0.0
-0.0,-0.0,-0.0,-0.0
-0.0,-0.0,-0.0,-0.0
-0.0,-0.0,-0.0,-0.0
-0.0,-0.0,-0.0,-0.0
-0.0,-0.0,-0.0,-0.0
-0.0,-0.0,-0.0,-0.0
-0.0,-0.0,-0.0,-0.0
-0.0,-0.0,-0.0,-0.0
-0.0,-0.0,-0.0,-0.0
-0.0,-0.0,-0.0,-0.0
-0.0,-0.0,-0.0,-0.0
-0.0,-0.0,-0.0,-0.0
-0.0,-0.0,-0.0,-0.0
-0.0,-0.0,-0.0,-0.0
-0.0,-0.0,-0.0,-0.0
-0.0,-0.0,-0.0,-0.0
-0.0,-0.0,-0.0,-0.0
-0.0,-0.0,-0.0,-0.0
-0.0,-0.0,-0.0,-0.0
-0.0,-0.0,-0.0,-0.0
-0.0,-0.0,-0.0,-0.0
-0.0,-0.0,-0.0,-0.0
-0.0,-0.0,-0.0,-0.0
-0.0,-0.0,-0.0,-0.0
-0.0,-0.0,-0.0,-0.0
-0.0,-0.0,-0.0,-0.0
-0.0,-0.0,-0.0,-0.0
-0.0,-0.0,-0.0,-0.0
-0.0,-0.0,-0.0,-0.0
-0.0,-0.0,-0.0,-0.0
-0.0,-0.0,-0.0,-0.0
-0.0,-0.0,-0.0,-0.0
-0.0,-0.0,-0.0,-0.0
-0.0,-0.0,-0.0,-0.0
-0.0,-0.0,-0.0,-0.0
-0.0,-0.0,-0.0,-0.0
-0.0,-0.0,-0.0,-0.0
-0.0,-0.0,-0.0,-0.0
-0.0,-0.0,-0.0,-0.0
-0.0,-0.0,-0.0,-0.0
-0.0,-0.0,-0.0,-0.0
-0.0,-0.0,-0.0,-0.0
-0.0,-0.0,-0.0,-0.0
-0.0,-0.0,-0.0,-0.0
-0.0,-0.0,-0.0,-0.0
-0.0,-0.0,-0.0,-0.0
-0.0,-0.0,-0.0,-0.0
-0.0,-0.0,-0.0,-0.0
-0.0,-0.0,-0.0,-0.0
-0.0,-0.0,-0.0,-0.0
-0.0,-0.0,-0.0,-0.0
-0.0,-0.0,-0.0,-0.0
-0.0,-0.0,-0.0,-0.0
-0.0,-0.0,-0.0,-0.0
-0.0,-0.0,-0.0,-0.0
-0.0,-0.0,-0.0,-0.0
-0.0,-0.0,-0.0,-0.0
-0.0,-0.0,-0.0,-0.0
-0.0,-0.0,-0.0,-0.0
-0.0,-0.0,-0.0,-0.0
-0.0,-0.0,-0.0,-0.0
-0.0,-0.0,-0.0,-0.0
-0.0,-0.0,-0.0,-0.0
-0.0,-0.0,-0.0,-0.0
-0.0,-0.0,-0.0,-0.0
-0.0,-0.0,-0.0,-0.0
-0.0,-0.0,-0.0,-0.0
-0.0,-0.0,-0.0,-0.0
-0.0,-0.0,-0.0,-0.0
-0.0,-0.0,-0.0,-0.0
-0.0,-0.0,-0.0,-0.0
-0.0,-0.0,-0.0,-0.0
-0.0,-0.0,-0.0,-0.0
-0.0,-0.0,-0.0,-0.0
-0.0,-0.0,-0.0,-0.0
-0.0,-0.0,-0.0,-0.0
-0.0,-0.0,-0.0,-0.0
-0.0,-0.0,-0.0,-0.0
-0.0,-0.0,-0.0,-0.0
-0.0,-0.0,-0.0,-0.0
2231.09106445,2239.38330078,2641.63647461,2462.37890625
2231.33642578,2240.46166992,2251.01342773,1932.69763184
2220.31616211,2227.88085938,2197.24609375,1867.61401367
2208.88671875,2213.60083008,2398.06225586,2204.37426758
2201.95214844,2206.03027344,2456.72338867,2257.51049805
2193.75805664,2196.94091797,2364.12866211,1923.53234863
2184.7824707,2182.34472656,2358.72827148,1754.67321777
2184.17407227,2175.79174805,2373.43505859,1895.53112793
2195.11083984,2188.22143555,2269.04931641,1970.43835449
2208.86425781,2207.46459961,2306.45727539,2003.97314453
2214.86914063,2212.7409668,2716.34594727,2390.68994141
2212.54296875,2203.77734375,3109.9777832,2912.88232422
2209.92114258,2198.14941406,2975.94091797,2868.00146484
2211.16870117,2201.44287109,2473.25756836,2262.61694336
2212.39624023,2201.84033203,2125.57885742,1832.95507813
2212.09204102,2196.60571289,2036.56665039,1841.27734375
2215.52856445,2199.3425293,2004.02172852,1906.73730469
2223.55200195,2214.45800781,2076.03051758,1956.27026367
2227.17724609,2227.24072266,2346.68383789,2226.3059082
2220.52685547,2227.59033203,2508.4440918,2473.23608398
2211.55810547,2224.77368164,2266.66162109,2288.75756836
2211.4765625,2229.04003906,1901.95227051,1944.58129883
2217.81518555,2232.73779297,1813.56469727,1927.04162598
2218.38891602,2222.65673828,1893.20935059,2089.23706055
2210.57763672,2202.95117188,1930.83398438,2155.49975586
2203.81005859,2189.70141602,2112.97875977,2375.30639648
2202.63745117,2186.75512695,2520.20336914,2838.02612305
2202.11376953,2185.50830078,2732.91772461,2975.50415039
2200.23486328,2184.78320313,2501.04492188,2507.30932617
2199.47753906,2189.3215332,2174.2109375,1998.68811035
2197.37744141,2193.78369141,2029.75048828,1888.91589355
2190.35375977,2190.49731445,1875.39135742,1898.35375977
2182.90576172,2184.625,1651.79602051,1831.14526367
2180.6940918,2182.51708984,1672.85253906,1991.33862305
2181.70288086,2179.96289063,1973.23046875,2426.14868164
2182.69360352,2176.77124023,2131.06469727,2651.36987305
2183.37231445,2180.95800781,1976.84741211,2456.62255859
2180.0144043,2188.41162109,1825.41088867,2224.19799805
2169.75830078,2185.63452148,1832.64196777,2205.73510742
2161.38378906,2176.90161133,1772.50097656,2183.13989258
2164.24780273,2177.68359375,1621.97705078,2059.02954102
2170.30688477,2182.52563477,1705.19177246,2090.76708984
2166.2878418,2173.16577148,2041.01086426,2299.47583008
2155.59375,2153.35620117,2195.11303711,2320.83984375
2148.08203125,2141.62890625,2011.21069336,2071.20947266
2140.61181641,2137.86889648,1838.49963379,1888.03271484
2128.33178711,2129.8293457,1831.89648438,1869.54040527
2119.75341797,2121.57397461,1738.91638184,1812.5423584
2121.75952148,2124.52783203,1557.37683105,1820.8729248
2126.77905273,2132.5612793,1616.23278809,2131.4519043
2128.45068359,2132.63867188,1851.40942383,2436.05517578
2131.16577148,2127.82641602,1834.77087402,2288.19506836
2136.53979492,2129.3503418,1602.98461914,1945.73461914
2139.82470703,2138.1472168,1600.66540527,1899.98339844
2142.05029297,2147.98852539,1844.82128906,2010.0925293
2147.98388672,2154.47851563,2013.67504883,1990.76538086
2153.89794922,2152.67602539,2162.07226563,2101.32641602
2152.3581543,2138.50390625,2476.71508789,2490.99780273
2145.23950195,2118.54321289,2662.11376953,2656.52490234
2140.30541992,2107.26928711,2401.79052734,2313.06030273
2138.97460938,2109.84008789,1988.88232422,1932.70031738
2136.70678711,2116.71508789,1795.66015625,1854.14331055
2133.13842773,2118.35546875,1691.79284668,1823.39904785
2133.48461914,2115.46459961,1558.90563965,1780.50305176
2138.22485352,2110.81298828,1656.01525879,2039.74255371
2139.44189453,2102.74145508,1975.36450195,2460.11547852
2134.14648438,2094.57275391,2036.42651367,2501.77539063
2132.7253418,2097.90673828,1734.45605469,2191.85766602
2141.96069336,2114.28540039,1566.81787109,2041.49401855
2149.45410156,2125.55517578,1735.41870117,2130.25585938
2142.82958984,2118.00170898,1906.93615723,2217.47680664
2133.15869141,2104.37890625,2014.5892334,2418.91455078
2136.13061523,2103.63647461,2328.95166016,2837.79663086
2143.10375977,2111.51147461,2658.36743164,3004.64477539
2138.74853516,2113.86743164,2486.14892578,2564.68408203
2131.89648438,2115.29663086,1923.08288574,1972.50012207
2137.02001953,2126.40869141,1565.92175293,1771.55627441
2143.3515625,2137.05371094,1494.76074219,1815.13500977
2136.81030273,2134.23999023,1326.87988281,1788.42834473
2130.96069336,2130.56347656,1093.89477539,1813.71801758
2140.96606445,2140.6184082,1167.47619629,2022.88708496
2152.50634766,2149.80419922,1467.96362305,2154.53613281
2150.84375,2142.52026367,1560.6282959,2021.61975098
2150.71948242,2135.67626953,1426.15856934,1887.57189941
2165.33447266,2147.94750977,1429.03564453,2015.44897461
2178.86254883,2165.33081055,1616.09228516,2229.97631836
2177.85986328,2170.4387207,1692.96777344,2249.12060547
2174.95092773,2172.2175293,1621.38354492,2137.56030273
2178.68603516,2177.60473633,1636.32165527,2110.04833984
2176.078125,2171.20874023,1738.86035156,2140.77441406
2162.91821289,2149.10644531,1719.14257813,2079.88354492
2156.03637695,2135.34130859,1583.24682617,1940.6628418
2161.63330078,2142.8972168,1482.6204834,1817.40307617
2163.35864258,2152.97827148,1393.88342285,1734.10095215
2152.16113281,2149.69335938,1274.96777344,1737.47680664
2141.39160156,2143.46435547,1280.90307617,1890.81750488
2143.59912109,2146.01391602,1481.42102051,2097.25048828
2151.46459961,2149.01928711,1678.0526123,2196.97070313
2150.74902344,2141.71923828,1753.25085449,2216.09448242
2141.73193359,2131.16625977,1829.14160156,2241.83251953
2137.01293945,2130.78710938,1923.9987793,2206.34741211
2140.38354492,2138.57495117,1898.57763672,2111.75952148
2142.35180664,2141.19921875,1837.18395996,2190.40087891
2141.16772461,2137.28271484,1975.90722656,2465.72363281
2148.57495117,2139.48754883,2199.76123047,2531.62255859
2163.83398438,2149.01733398,2146.63598633,2186.67089844
2166.65234375,2149.36547852,1829.09985352,1819.71936035
2151.78198242,2136.93896484,1629.04992676,1746.78356934
2142.89453125,2132.51611328,1709.92822266,1757.9543457
2153.9074707,2145.22924805,1912.03967285,1721.25585938
2165.48168945,2153.375,2114.18115234,1893.1418457
2157.71118164,2140.29052734,2274.12133789,2242.44824219
2138.23852539,2119.4921875,2284.93994141,2294.9284668
2123.00097656,2106.59301758,2132.72021484,1971.71984863
2114.51928711,2097.58984375,2014.06286621,1752.97399902
2111.12841797,2090.17919922,2099.96777344,1850.80200195
2116.99853516,2095.76025391,2361.05981445,2028.5513916
2132.84985352,2116.12573242,2658.30029297,2204.54003906
2148.74121094,2133.22070313,2824.61376953,2452.99389648
2153.30517578,2133.36523438,2743.04956055,2574.42871094
2147.36621094,2124.41040039,2509.70239258,2356.50390625
2144.79248047,2121.68359375,2372.96655273,2017.09631348
2155.92480469,2128.55371094,2412.03027344,1870.40270996
2172.75878906,2137.53955078,2485.0402832,1888.99072266
2179.85644531,2144.1574707,2530.7734375,1949.92419434
2175.78198242,2149.84814453,2634.91821289,2084.09838867
2169.95605469,2151.92114258,2770.22167969,2220.26123047
2164.76367188,2143.99389648,2783.75097656,2139.99511719
2157.40771484,2130.21044922,2667.20703125,1882.49438477
2152.38964844,2124.43017578,2556.49072266,1767.76245117
2156.15966797,2131.05029297,2497.67016602,1903.22802734
2164.83300781,2140.15722656,2477.84936523,2073.41137695
2167.88696289,2142.00195313,2568.41040039,2169.43359375
2159.99438477,2134.26586914,2769.77685547,2299.50048828
2145.11206055,2119.34472656,2875.26171875,2419.03930664
2131.98779297,2104.17919922,2716.07910156,2295.71289063
2126.08105469,2096.77734375,2378.09326172,1948.00817871
2126.45556641,2099.01342773,2065.41967773,1712.33007813
2131.85644531,2108.41894531,1932.0234375,1758.58850098
2142.36157227,2121.34130859,2041.69152832,1911.73962402
2150.79931641,2127.72998047,2310.77612305,2038.41650391
2145.78881836,2116.98291016,2567.96411133,2227.11083984
2130.15917969,2096.70214844,2756.38720703,2489.69506836
2120.01147461,2086.6394043,2893.88452148,2621.25952148
2119.51391602,2089.01293945,2861.52246094,2458.5456543
2116.78857422,2088.8684082,2543.11035156,2078.66845703
2109.11254883,2084.84082031,2117.68725586,1719.41723633
2107.97436523,2089.68115234,1872.54150391,1580.16540527
2115.13427734,2101.08569336,1818.3482666,1647.17956543
2119.45507813,2104.74560547,1816.28259277,1756.15856934
2120.17285156,2103.73754883,1920.84069824,1886.61218262
2126.73950195,2111.87207031,2211.69287109,2149.24853516
2134.60693359,2123.01757813,2440.74829102,2396.60961914
2128.40942383,2119.05664063,2288.52270508,2293.26318359
2110.35327148,2102.43115234,1897.72546387,1909.81640625
2100.68115234,2093.22290039,1718.70739746,1709.68518066
2108.53369141,2099.67163086,1845.82958984,1820.6114502
2122.30444336,2112.10839844,1928.14758301,1886.96313477
2129.67944336,2121.03442383,1774.76855469,1747.72070313
2131.0144043,2126.6418457,1653.79882813,1711.63232422
2130.16064453,2130.84301758,1843.42822266,1991.71801758
2124.93798828,2129.05810547,2176.03979492,2285.76269531
2114.68554688,2118.10083008,2297.1796875,2217.83569336
2108.90942383,2108.55224609,2233.84008789,1973.22558594
2115.44482422,2112.86547852,2302.79003906,2018.9666748
2124.87573242,2122.50146484,2468.31835938,2262.3137207
2122.55053711,2119.75952148,2385.26611328,2221.37597656
2111.67236328,2109.06616211,2187.52270508,2053.2644043
2107.51049805,2108.97827148,2416.83056641,2362.01513672
2114.87841797,2120.5402832,2958.45678711,2922.83935547
2127.95996094,2132.61401367,3056.25,2914.49609375
2143.47680664,2145.6809082,2632.58813477,2438.81420898
2158.37548828,2161.90649414,2441.41992188,2332.24926758
2164.68066406,2168.65698242,2693.75927734,2585.67456055
2159.57202148,2157.70336914,2772.50268555,2497.83520508
2151.17871094,2142.73339844,2464.24902344,2124.55249023
2147.18554688,2138.23974609,2233.11889648,2066.43847656
2147.20776367,2140.2487793,2217.54882813,2219.14160156
2148.46875,2141.02490234,2112.11523438,2101.12060547
2149.34814453,2142.13867188,1970.95812988,1914.18139648
2147.96118164,2143.99951172,2095.28173828,2087.98828125
2144.43310547,2141.87133789,2311.05395508,2345.51342773
2142.01416016,2137.20214844,2231.5480957,2239.25366211
2142.90454102,2137.00268555,1955.31689453,2011.19946289
2147.17871094,2142.15771484,1823.48205566,2068.12036133
2154.57543945,2148.34204102,1866.2755127,2243.29321289
2162.44750977,2153.73046875,1985.39660645,2282.78027344
2166.67480469,2158.23657227,2207.31835938,2365.00366211
2168.3215332,2162.40576172,2408.23120117,2556.62011719
2171.42993164,2168.4699707,2317.23510742,2508.46020508
2173.54589844,2174.85864258,2004.07165527,2151.06518555
2170.48144531,2175.91552734,1829.65356445,1911.84094238
2168.38647461,2173.45654297,1859.36828613,1950.29821777
2175.75366211,2175.28491211,1869.11218262,1975.82202148
2187.12915039,2178.95166016,1852.23547363,1927.59289551
2190.65283203,2175.50048828,1966.64038086,2024.78735352
2186.76538086,2168.83740234,2122.70703125,2182.89892578
2185.08300781,2170.83251953,2123.51660156,2133.88696289
2188.01977539,2180.47167969,2030.3659668,1966.94787598
2189.23999023,2186.23779297,2005.92712402,1929.36376953
2184.91870117,2184.23681641,2043.90917969,1975.55712891
2178.0690918,2179.47119141,2116.34545898,1988.40759277
2171.29516602,2173.1496582,2272.49902344,2060.05761719
2161.21459961,2160.55419922,2430.65917969,2206.57788086
2146.65405273,2143.66943359,2418.08276367,2231.43432617
2138.80810547,2137.08178711,2274.84008789,2087.32543945
2149.56225586,2150.44873047,2176.68408203,1953.16772461
2169.9855957,2170.21020508,2129.23706055,1883.34143066
2178.25170898,2174.91479492,2086.66918945,1798.47473145
2169.55834961,2163.22338867,2179.578125,1773.43029785
2158.47070313,2148.30688477,2447.36914063,1913.26501465
2153.37524414,2135.34155273,2600.07470703,2054.31518555
2150.23779297,2125.03198242,2432.07763672,1984.62658691
2148.06591797,2124.58496094,2196.98071289,1821.52209473
2150.2434082,2136.44775391,2207.09106445,1811.49304199
2154.90942383,2151.1105957,2356.94580078,1917.99206543
2157.37060547,2160.01806641,2399.03369141,1961.60327148
2155.71972656,2160.26098633,2380.53173828,1997.53234863
2150.23022461,2150.36328125,2431.58862305,2156.05957031
2145.05249023,2136.85131836,2412.69213867,2259.53466797
2144.72607422,2130.85913086,2162.51220703,2060.9284668
2142.19799805,2127.46826172,1846.57763672,1742.41186523
2126.37988281,2112.29467773,1703.14990234,1671.35668945
2107.0859375,2093.17260742,1689.29223633,1807.35046387
2107.45922852,2092.5703125,1681.18115234,1898.05358887
2125.609375,2107.1081543,1730.99645996,2021.28894043
2133.90478516,2111.89794922,1853.6854248,2305.52319336
2123.39770508,2104.74951172,1888.90771484,2447.77441406
2115.64892578,2106.32275391,1800.72949219,2197.96875
2120.9519043,2117.08886719,1765.17895508,1909.93359375
2120.74047852,2116.40991211,1826.06494141,1951.82421875
2106.54394531,2105.8503418,1861.5958252,2111.36376953
2100.12207031,2109.70849609,1929.57409668,2169.03100586
2113.60961914,2128.3203125,2171.35766602,2338.81591797
2125.1105957,2134.78662109,2391.66601563,2616.96923828
2119.35107422,2123.13745117,2265.61865234,2555.64770508
2116.19165039,2115.8449707,1915.44689941,2128.61694336
2130.20776367,2119.9777832,1729.97937012,1898.47521973
2139.45043945,2119.55664063,1718.95153809,2039.08776855
2124.09619141,2111.90722656,1644.51672363,2165.78540039
2100.58178711,2110.47460938,1623.84204102,2220.85571289
2092.25390625,2115.90039063,1910.75231934,2473.45996094
2098.375,2119.31640625,2250.77197266,2701.33007813
2108.1171875,2122.88061523,2199.44458008,2470.24462891
2116.85205078,2129.84179688,1915.95751953,2061.04541016
2122.4597168,2132.89819336,1890.17443848,2056.15307617
2126.65209961,2131.40283203,2094.56616211,2310.40991211
2135.17895508,2136.2097168,2171.25219727,2348.29394531
2144.95727539,2146.85009766,2186.32885742,2317.64208984
2147.19824219,2150.73632813,2408.15380859,2540.68896484
2146.15600586,2147.4699707,2632.25878906,2688.22094727
2149.78808594,2145.94116211,2494.27490234,2387.71191406
2148.15356445,2142.10083008,2152.82641602,2027.81677246
2132.390625,2128.17773438,1985.46862793,2058.1784668
2121.03710938,2115.01977539,1954.04528809,2191.625
2132.93945313,2118.28198242,1855.0189209,2098.75488281
2152.35424805,2132.14501953,1792.16149902,2087.89941406
2153.86499023,2138.52270508,1884.21130371,2362.38208008
2141.46044922,2132.6887207,1930.92016602,2483.20581055
2134.11010742,2123.83837891,1799.05493164,2235.92626953
2133.01098633,2118.52172852,1708.92456055,2108.54907227
2128.24658203,2115.39453125,1824.74938965,2352.47119141
2121.72900391,2112.84765625,2004.67456055,2536.75170898
2122.72680664,2113.69921875,2142.96020508,2451.62304688
2130.1340332,2119.71850586,2292.18017578,2433.65454102
2134.20776367,2125.51123047,2369.2722168,2520.61523438
2131.26928711,2124.19555664,2213.78027344,2338.31542969
2126.57177734,2117.91259766,1931.04675293,1957.82226563
2125.29125977,2115.87768555,1763.88354492,1845.59838867
2127.58081055,2121.95483398,1743.12255859,2007.67907715
2130.22314453,2129.25292969,1793.4206543,2106.40820313
2129.70605469,2128.78198242,1932.25378418,2168.56762695
2126.86865234,2121.43676758,2098.20263672,2352.75268555
2127.296875,2116.34155273,2112.74682617,2443.36474609
2131.67797852,2115.9128418,1992.87512207,2279.57739258
2131.77587891,2112.34082031,1940.27380371,2146.47045898
2124.015625,2103.50854492,1975.39599609,2216.27587891
2117.82348633,2098.62768555,1991.08447266,2251.43481445
2121.21362305,2101.78100586,2087.22290039,2205.09448242
2128.59716797,2105.19116211,2377.36694336,2344.77978516
2131.41503906,2103.93725586,2611.03271484,2557.09570313
2130.01708984,2101.93676758,2493.20581055,2391.17919922
2127.32641602,2100.22216797,2199.81274414,1940.65283203
2120.66430664,2093.32861328,2101.53222656,1801.09692383
2108.03051758,2080.14208984,2211.99316406,2094.07983398
2096.67944336,2069.27099609,2339.8425293,2382.34912109
2098.09741211,2071.32397461,2492.13330078,2499.62573242
2114.69384766,2087.96875,2728.32739258,2658.10253906
2134.39770508,2108.12084961,2891.32568359,2829.75170898
2140.60620117,2116.70385742,2798.984375,2722.85498047
2129.23876953,2109.74902344,2514.03662109,2332.02758789
2113.66259766,2097.74121094,2266.14160156,2028.9765625
2108.14013672,2091.94067383,2201.6784668,2063.65698242
2111.06933594,2093.83789063,2232.54760742,2226.91503906
2114.09570313,2101.67138672,2176.8112793,2188.42871094
2119.92749023,2116.72338867,2113.77539063,2084.15332031
2133.97412109,2134.95898438,2330.81347656,2336.37719727
2146.41723633,2144.34179688,2748.07543945,2817.08447266
2144.72924805,2141.26391602,2864.11767578,2882.52758789
2136.62719727,2137.48510742,2518.640625,2422.98144531
2137.43579102,2141.34936523,2124.57885742,2007.76196289
2142.88183594,2146.30786133,1932.3873291,1847.04211426
2138.25317383,2145.45166016,1764.4276123,1644.57531738
2126.85351563,2141.93530273,1625.09216309,1498.35205078
2125.57446289,2139.37744141,1778.45410156,1784.71838379
2136.67895508,2135.7956543,2099.03344727,2236.83300781
2145.0246582,2130.37792969,2123.13256836,2271.56176758
2141.98706055,2126.15649414,1816.14978027,1998.19482422
2135.06347656,2125.54638672,1606.4354248,1921.74304199
2133.33886719,2129.66821289,1690.72045898,2078.10595703
2137.10180664,2139.73510742,1903.10351563,2271.29321289
2143.3894043,2153.55175781,2140.10839844,2566.35400391
2151.4543457,2163.28222656,2389.80786133,2912.46386719
2160.47851563,2163.12890625,2517.92578125,2947.3840332
2167.57202148,2158.03295898,2431.87597656,2597.32373047
2169.10351563,2157.08569336,2246.9753418,2217.12841797
2163.84033203,2159.95922852,2064.80786133,1993.33837891
2157.38671875,2161.0769043,1891.09362793,1861.44824219
2159.1484375,2163.46704102,1848.99743652,1909.63146973
2168.05859375,2171.23168945,2061.33227539,2195.95263672
2169.91650391,2174.13769531,2331.8815918,2407.16040039
2160.03955078,2163.12597656,2391.15673828,2302.13061523
2155.44116211,2153.12426758,2342.94360352,2141.79052734
2168.46484375,2162.20410156,2417.06201172,2192.43554688
2185.22583008,2179.0378418,2529.08520508,2297.02197266
2190.3137207,2182.64672852,2562.79638672,2350.69873047
2191.54077148,2178.92529297,2730.36987305,2580.65136719
2196.41015625,2182.4934082,3128.73535156,2962.26074219
2190.57958984,2182.84863281,3342.19360352,3031.06982422
2167.58422852,2167.23266602,3027.11181641,2638.35351563
2150.7043457,2153.16894531,2495.63500977,2233.93261719
2156.89282227,2159.19946289,2229.14892578,2125.86206055
2169.58081055,2170.17700195,2224.75366211,2113.05224609
2171.00585938,2166.74926758,2255.92797852,2036.02807617
2168.12646484,2158.13500977,2335.70996094,2051.6184082
2168.60693359,2156.51000977,2506.7565918,2210.6550293
2165.57006836,2153.7277832,2574.70141602,2290.18164063
2157.81542969,2145.53710938,2403.02050781,2148.79394531
2154.23535156,2143.70410156,2168.90991211,1917.70324707
2155.8215332,2151.27856445,2121.56713867,1835.79602051
2158.82177734,2158.02612305,2312.34155273,2025.50378418
2166.85180664,2161.40356445,2600.05151367,2325.59643555
2178.99755859,2164.01611328,2756.43066406,2402.60791016
2184.21362305,2161.4362793,2661.45996094,2210.40600586
2182.90844727,2156.29052734,2463.69018555,2080.14599609
2188.22924805,2163.45385742,2354.81542969,2133.85839844
2197.86938477,2183.35961914,2284.5078125,2107.21948242
2197.74829102,2198.30273438,2205.04077148,2013.13366699
2194.10498047,2204.40576172,2321.77172852,2250.51928711
2202.29101563,2212.05517578,2665.17285156,2732.57568359
2210.01171875,2214.20532227,2796.7578125,2776.86962891
2195.74267578,2196.08081055,2442.26708984,2222.29956055
2172.07324219,2171.22509766,1980.14904785,1756.8795166
2166.18725586,2164.61254883,1822.21508789,1807.73583984
2174.02539063,2170.85839844,1820.21716309,1999.56433105
2175.65722656,2169.80712891,1745.47851563,2010.01855469
2173.94726563,2165.18408203,1782.71813965,2080.94482422
2180.05224609,2170.36035156,2058.13598633,2336.05957031
2186.22290039,2179.46630859,2242.21142578,2398.90380859
2184.51733398,2183.82983398,2126.29663086,2114.95214844
2184.87792969,2189.6418457,2059.30371094,1960.50561523
2192.18334961,2197.60766602,2326.44458008,2271.55517578
2195.20556641,2196.26416016,2629.94042969,2680.82568359
2191.46923828,2187.22802734,2641.1472168,2759.40234375
2191.54003906,2184.11132813,2509.7265625,2606.51489258
2194.17407227,2185.22021484,2413.65014648,2418.21582031
2189.12109375,2180.43725586,2195.45776367,2120.77929688
2181.18823242,2176.09375,1810.38208008,1755.90258789
2180.67675781,2180.65332031,1549.49621582,1589.44372559
2180.81860352,2183.26464844,1540.91394043,1640.05908203
2174.41845703,2177.27709961,1580.45605469,1685.78405762
2175.68432617,2180.93261719,1591.50109863,1726.77148438
2195.38647461,2204.67333984,1707.93237305,1880.3638916
2213.5246582,2224.66821289,1882.69750977,2013.30004883
2207.12036133,2218.45410156,1936.36584473,1996.44299316
2188.31079102,2201.48950195,1928.21777344,2000.41748047
2184.89746094,2198.98120117,2029.24938965,2128.5390625
2195.91357422,2203.7265625,2187.8737793,2193.3581543
2197.91333008,2193.69750977,2291.86474609,2147.52368164
2187.92700195,2174.48803711,2408.828125,2219.04003906
2184.60522461,2168.14550781,2559.53320313,2422.30615234
2188.16601563,2171.20849609,2573.44360352,2473.50219727
2180.09667969,2164.89355469,2418.69116211,2308.6628418
2165.35351563,2157.89355469,2310.88208008,2171.46948242
2168.87988281,2171.84814453,2316.96435547,2151.84301758
2186.38891602,2193.18505859,2261.77294922,2124.43676758
2187.81079102,2190.79956055,2128.12646484,2115.25439453
2171.45019531,2170.74438477,2089.16723633,2257.62402344
2164.83007813,2161.97167969,2110.35253906,2439.94506836
2173.66064453,2163.83520508,2005.68200684,2434.52636719
2178.08911133,2157.69995117,1854.58911133,2298.12060547
2174.33056641,2149.73486328,1889.74316406,2259.85009766
2176.15405273,2155.21459961,2083.62133789,2344.34106445
2182.7277832,2163.75366211,2267.61669922,2449.52416992
2182.67456055,2161.02636719,2448.57275391,2582.42260742
2179.65258789,2158.515625,2634.98583984,2690.01171875
2182.34057617,2167.0324707,2641.10131836,2554.11474609
2183.07836914,2171.25463867,2392.04541016,2165.97875977
2173.5625,2160.6640625,2112.14526367,1847.9798584
2164.25878906,2152.33642578,1978.70593262,1770.66918945
2165.40722656,2157.92529297,1927.96679688,1790.05883789
2169.63305664,2163.68383789,1929.91455078,1877.63562012
2170.49804688,2161.88085938,2059.56079102,2143.90209961
2173.54003906,2164.41455078,2214.10205078,2400.27075195
2178.54614258,2173.8840332,2170.00317383,2340.03369141
2177.50073242,2177.92211914,1969.30480957,2111.41723633
2171.94970703,2174.39599609,1857.14416504,2078.64233398
2167.73388672,2169.90087891,1863.75415039,2203.7199707
2161.37280273,2162.16088867,1861.29162598,2279.87402344
2151.74438477,2149.61474609,1924.4934082,2417.46875
2147.0625,2140.69628906,2157.03613281,2678.30883789
2147.9453125,2138.25317383,2319.75073242,2709.16186523
2146.90161133,2137.59448242,2153.75,2333.265625
2145.21020508,2141.00415039,1858.27868652,1945.0
2145.43237305,2148.5925293,1733.77600098,1823.72314453
2139.64233398,2147.3671875,1697.52929688,1742.47692871
2128.31030273,2133.90893555,1664.83825684,1644.36877441
2127.56640625,2125.13208008,1880.96520996,1848.76184082
2139.70874023,2128.27490234,2326.43212891,2242.81274414
2146.74731445,2130.31567383,2462.18554688,2245.14160156
2142.69775391,2126.73413086,2108.68383789,1860.65063477
2138.83569336,2127.08666992,1802.05822754,1721.61340332
2137.7734375,2131.46850586,1829.7590332,1917.17785645
2135.62109375,2133.43554688,1841.77539063,1945.36621094
2138.8347168,2137.04467773,1767.77026367,1864.83703613
2149.2668457,2144.68066406,2027.48754883,2188.05102539
2152.57373047,2147.16357422,2516.52075195,2656.59594727
2144.55981445,2144.5065918,2533.40429688,2503.65209961
2141.33886719,2148.89160156,1987.8215332,1858.17712402
2148.42871094,2157.68286133,1579.90722656,1539.95019531
2153.15625,2157.16308594,1618.02954102,1660.76635742
2154.22314453,2152.35913086,1717.7364502,1725.36560059
2162.01586914,2155.80517578,1745.56958008,1773.1385498
2170.03881836,2156.94067383,2037.47595215,2173.44360352
2163.22412109,2141.60449219,2584.74145508,2681.69970703
2149.08203125,2124.46850586,2869.58374023,2757.35058594
2145.88500977,2124.53222656,2631.06542969,2410.5769043
2149.64794922,2131.08325195,2178.30151367,2006.99707031
2144.34033203,2127.60986328,1886.52331543,1721.07788086
2132.81665039,2122.76318359,1814.57507324,1606.2322998
2129.70336914,2128.59301758,1845.06652832,1695.14477539
2135.19555664,2135.81054688,1920.76062012,1875.3626709
2138.12182617,2133.38012695,2068.13818359,2060.23046875
2134.67919922,2126.51977539,2249.07177734,2304.08642578
2129.23266602,2121.24829102,2278.61035156,2474.50097656
2125.87036133,2115.31860352,2037.76696777,2294.41210938
2126.90161133,2110.17919922,1711.6361084,1902.58935547
2132.13061523,2110.84008789,1564.85949707,1736.52111816
2138.20703125,2114.77001953,1562.03063965,1806.14941406
2143.24902344,2116.54321289,1522.19055176,1791.07556152
2147.69360352,2116.85595703,1493.79174805,1739.83337402
2148.68041992,2116.72680664,1603.43054199,1910.75317383
2142.09301758,2112.87866211,1734.31945801,2138.49072266
2131.66894531,2105.57250977,1731.07543945,2099.93334961
2127.60742188,2101.63842773,1687.38134766,1930.23950195
2133.57788086,2104.92895508,1723.88476563,1931.7980957
2140.46899414,2109.16479492,1785.16369629,2033.62719727
2138.20849609,2105.35424805,1874.21472168,2077.16870117
2131.96850586,2096.41235352,2096.6237793,2181.58764648
2135.83349609,2096.43652344,2326.46875,2373.99951172
2148.87084961,2109.82739258,2279.01220703,2376.98535156
2155.78735352,2123.85180664,1993.78479004,2114.22314453
2154.85742188,2131.30786133,1789.83874512,1893.07067871
2158.92944336,2140.78637695,1769.04589844,1891.40563965
2165.25195313,2152.5612793,1814.14587402,1994.18383789
2158.31005859,2152.03515625,1933.3157959,2147.18994141
2145.55615234,2141.19262695,2153.61401367,2352.27026367
2151.23242188,2143.22900391,2281.5949707,2439.35351563
2172.64794922,2161.84033203,2171.17236328,2290.47998047
2182.70800781,2172.17919922,1996.26379395,2087.39086914
2175.62133789,2163.68774414,1974.26647949,2034.10498047
2171.04882813,2154.4206543,2082.27294922,2082.94067383
2175.56542969,2155.10107422,2212.42724609,2101.40087891
2177.20751953,2156.30834961,2324.0234375,2061.73681641
2174.94946289,2155.97802734,2355.57348633,1980.7331543
2179.38769531,2163.67089844,2255.0222168,1863.08215332
2186.06176758,2173.88085938,2130.6027832,1761.78222656
2178.5065918,2168.14941406,2140.18188477,1779.62109375
2159.20825195,2148.49145508,2247.59643555,1933.54382324
2150.4543457,2138.87036133,2306.28466797,2075.21337891
2158.13012695,2146.265625,2328.8137207,2069.46289063
2160.82519531,2149.53540039,2432.61694336,2006.65405273
2148.07641602,2138.57275391,2583.08325195,2061.32910156
2141.09594727,2132.20117188,2654.5222168,2210.06787109
2153.54296875,2138.93896484,2669.23974609,2292.71899414
2164.29101563,2138.02490234,2702.33300781,2251.99731445
2158.86645508,2123.77026367,2682.17041016,2159.49194336
2158.37597656,2122.59423828,2576.97753906,2133.82226563
2172.58154297,2138.40332031,2562.8581543,2255.65209961
2173.03686523,2137.18017578,2704.08666992,2422.80712891
2149.72045898,2113.28100586,2774.47924805,2439.24389648
2137.29443359,2105.48535156,2669.12255859,2343.83959961
2150.39990234,2123.49804688,2582.92993164,2318.79663086
2155.85302734,2130.56884766,2588.13427734,2310.11816406
2138.06054688,2116.30126953,2566.30200195,2262.00927734
2126.84936523,2112.68359375,2642.9128418,2493.79345703
2138.09521484,2127.58447266,3026.21923828,3126.97802734
2148.16625977,2132.48657227,3414.7902832,3533.8425293
2142.34057617,2120.38305664,3307.97143555,3177.85693359
2135.82910156,2115.12597656,2846.53735352,2495.5324707
2138.14868164,2124.06030273,2607.42041016,2171.77026367
2138.16894531,2129.90136719,2698.12719727,2176.14379883
2129.27368164,2126.03295898,2755.57177734,2173.39599609
2120.80688477,2124.10107422,2653.1940918,2163.16186523
2122.11987305,2130.77734375,2568.2590332,2198.06396484
2130.96948242,2139.97192383,2523.67773438,2146.75927734
2138.40429688,2144.16943359,2391.04760742,2023.5447998
2139.88964844,2142.65136719,2244.48364258,2010.46154785
2140.62963867,2142.19238281,2333.0012207,2144.17749023
2145.99487305,2149.59716797,2691.59277344,2345.8894043
2149.33081055,2159.98120117,2987.28125,2510.27954102
2141.76904297,2161.62988281,2878.49633789,2411.55102539
2130.57250977,2155.77539063,2476.43530273,1990.04956055
2129.57226563,2155.29296875,2232.91601563,1678.44897461
2136.03295898,2161.2409668,2334.08032227,1845.79418945
2137.19116211,2161.5769043,2520.69018555,2177.50390625
2132.75756836,2154.31591797,2597.9909668,2250.69213867
2130.86425781,2149.23730469,2695.00073242,2241.52490234
2130.72070313,2147.33325195,2844.66064453,2384.18530273
2127.2409668,2140.39477539,2797.74633789,2389.12670898
2123.8828125,2129.08569336,2515.63256836,2083.77954102
2127.74926758,2123.79003906,2363.20166016,1884.49536133
2138.86767578,2129.64501953,2526.0637207,2044.94726563
2150.19873047,2140.99658203,2718.28588867,2239.64086914
2153.64111328,2147.66503906,2738.54882813,2297.97094727
2146.66650391,2143.4074707,2790.91967773,2457.34423828
2135.29296875,2131.83569336,2971.75146484,2648.60595703
2126.953125,2123.11621094,3000.92407227,2495.51538086
2122.5456543,2122.82128906,2764.14550781,2132.98779297
2120.90161133,2128.26904297,2562.31445313,2065.7590332
2124.44140625,2136.03930664,2561.4296875,2261.8840332
2132.24389648,2145.02978516,2563.26269531,2319.58886719
2135.49584961,2151.09741211,2503.50415039,2308.98144531
2129.6237793,2148.70605469,2565.17797852,2502.41064453
2123.01269531,2140.36230469,2676.98535156,2627.67333984
2123.57958984,2134.83422852,2542.48168945,2349.08618164
2126.05639648,2134.72436523,2233.17114258,2040.2557373
2123.87744141,2135.19042969,2122.24853516,2159.30126953
2122.32006836,2133.58984375,2259.24560547,2422.67333984
2127.39599609,2131.45581055,2418.7800293,2446.56933594
2134.3515625,2130.64599609,2605.96508789,2485.68237305
2137.47680664,2132.4440918,2887.73339844,2743.32885742
2136.51879883,2133.21435547,2987.34594727,2793.3996582
2129.01342773,2123.74243164,2678.25048828,2396.64306641
2114.91210938,2105.29956055,2262.16381836,2001.17346191
2106.12353516,2094.89526367,2102.19165039,1917.78100586
2110.77368164,2098.77758789,2093.63574219,1929.95446777
2118.57861328,2101.44238281,2066.99121094,1990.46533203
2120.46972656,2096.71557617,2183.12963867,2305.42553711
2122.48876953,2099.359375,2477.85205078,2634.19750977
2125.84570313,2112.30395508,2590.9543457,2499.90551758
2121.80883789,2119.22729492,2368.84936523,2053.3503418
2115.2175293,2118.19384766,2172.21191406,1836.51733398
2120.59814453,2123.74047852,2251.27270508,1906.95776367
2133.03881836,2134.0703125,2398.89208984,2003.86608887
2134.97265625,2133.66894531,2484.76318359,2199.89477539
2126.93920898,2124.13354492,2703.51196289,2596.27099609
2123.28833008,2120.50170898,3034.93237305,2811.26733398
2127.31860352,2125.63720703,3081.84619141,2520.97192383
2132.29321289,2130.9387207,2699.29638672,2064.95800781
2134.58203125,2130.86474609,2231.92407227,1887.68530273
2133.52001953,2125.40307617,1966.66833496,1895.72802734
2131.33618164,2120.94311523,1873.90539551,1901.9453125
2134.37133789,2127.36303711,1925.66601563,2073.16210938
2141.50927734,2141.1105957,2120.76416016,2411.23925781
2141.30004883,2144.74072266,2227.63647461,2472.79199219
2132.58300781,2135.53369141,2023.6036377,2108.82836914
2128.86791992,2130.7109375,1690.05102539,1797.73461914
2132.33007813,2134.55957031,1543.10827637,1847.10888672
2129.83300781,2132.62329102,1599.20556641,2008.21313477
2122.24902344,2125.16748047,1765.31408691,2152.98120117
2126.2590332,2128.57617188,2090.36938477,2474.00634766
2140.89282227,2139.24633789,2468.45532227,2806.43261719
2145.08959961,2135.58398438,2524.65209961,2665.25146484
2133.92822266,2118.76806641,2156.28271484,2107.33032227
2126.70483398,2114.5859375,1767.85375977,1716.39038086
2133.66430664,2131.77636719,1673.70166016,1725.77563477
2140.7487793,2149.31079102,1700.8503418,1881.45532227
2134.99169922,2150.0090332,1638.36474609,2021.6373291
2125.99365234,2143.93115234,1639.26379395,2195.28588867
2129.71606445,2148.14990234,1874.21948242,2387.89575195
2141.12426758,2157.79931641,2113.33642578,2467.98266602
2141.41992188,2155.984375,2001.85375977,2295.06933594
2130.49414063,2145.97485352,1618.84912109,1919.13793945
2127.29248047,2146.04101563,1402.60766602,1690.51635742
2134.33447266,2153.69726563,1503.20507813,1824.32543945
2133.14135742,2149.98510742,1643.60693359,2030.4576416
2121.39038086,2139.08764648,1760.7454834,2107.08569336
2118.51391602,2143.49682617,2171.69775391,2388.55737305
2127.8034668,2161.35620117,2793.48217773,2925.10766602
2131.22241211,2170.04296875,2961.09570313,3058.02026367
2125.41967773,2166.70019531,2476.05688477,2555.08642578
2124.37402344,2165.53588867,1996.46679688,2112.7421875
2127.31738281,2165.00439453,1933.82751465,2106.8503418
2121.21508789,2154.06933594,1927.84155273,2098.94946289
2110.15527344,2138.97998047,1808.48168945,1997.71240234
2109.34692383,2134.00268555,1956.13623047,2268.56420898
2118.26074219,2137.92895508,2339.57788086,2736.02783203
2125.91552734,2140.77807617,2365.98388672,2670.65405273
2130.48681641,2140.48999023,1973.39123535,2154.57055664
2133.60522461,2138.67333984,1756.91491699,1954.59423828
2130.5402832,2133.22070313,1900.59790039,2181.0144043
2121.64916992,2125.77294922,2044.05358887,2370.67993164
2117.91894531,2124.66162109,2140.26733398,2531.6887207
2123.86499023,2132.07836914,2432.66699219,2885.53051758
2129.50024414,2138.63232422,2748.80273438,3067.60668945
2126.43237305,2137.11010742,2720.86743164,2681.27758789
2118.89941406,2131.18066406,2472.51416016,2101.89086914
2114.76660156,2125.24462891,2353.03808594,1861.06494141
2116.38720703,2118.23144531,2335.37402344,1871.82299805
2122.23413086,2112.62524414,2281.61743164,1905.45446777
2128.87695313,2114.28710938,2355.74487305,2078.56274414
2130.62133789,2118.13452148,2636.82568359,2385.39306641
2124.44262695,2112.48291016,2800.01879883,2526.84179688
2115.72973633,2101.81958008,2626.74487305,2468.73803711
2112.5703125,2102.55200195,2365.17456055,2409.36572266
2114.29467773,2112.88671875,2290.27441406,2265.95336914
2113.56835938,2113.84960938,2391.40161133,2041.1842041
2109.76489258,2102.80810547,2624.90649414,2297.35229492
2109.0300293,2096.36206055,2944.47851563,3226.09375
2110.35791016,2098.68701172,3084.82617188,3827.58349609
2106.62084961,2097.99780273,2855.9387207,3205.19458008
2100.87768555,2094.13867188,2517.82592773,2048.80786133
2102.76025391,2098.22094727,2374.69775391,1636.13842773
2107.45800781,2105.73217773,2315.94824219,2023.97070313
2102.47973633,2101.24584961,2208.87573242,2359.97363281
2096.29370117,2089.79174805,2242.26049805,2321.68969727
2109.62402344,2093.15478516,2440.55224609,2213.37353516
2136.17041016,2113.47241211,2455.99438477,2190.97265625
2147.30004883,2129.42773438,2233.20532227,2198.58764648
2138.44433594,2131.17651367,2176.13671875,2265.56616211
2133.34448242,2131.57739258,2351.95288086,2401.92285156
2141.26660156,2140.14526367,2340.40966797,2510.05517578
2148.28759766,2151.48095703,2132.29272461,2512.07861328
2149.36108398,2160.05517578,2284.171875,2342.33007813
2152.15307617,2163.00415039,2889.36914063,2066.55786133
2153.60205078,2152.61254883,3242.80273438,2142.20727539
2145.60253906,2129.30786133,2845.80615234,2847.8215332
2137.09179688,2114.09619141,2073.55322266,3267.19335938
2143.58081055,2125.08422852,1603.7434082,2086.13085938
2162.36791992,2150.75952148,1680.87255859,76.3143157959
2176.99121094,2166.42211914,2092.58886719,-138.545806885
2178.2253418,2165.75,2512.82397461,2422.07202148
2169.2800293,2158.22583008,2719.12011719,5253.80859375
2158.81835938,2149.22729492,2611.00878906,4585.04931641
2156.35522461,2142.58325195,2189.77587891,34.6402053833
2166.92407227,2149.69482422,1684.94763184,-2750.72338867
2183.67651367,2172.83300781,1579.12670898,1531.21594238
2191.18359375,2189.42993164,2108.11450195,7274.93701172
2182.64086914,2178.42138672,2779.08203125,4858.37744141
2169.26196289,2154.54541016,2879.45922852,-1175.54125977
2165.57666016,2149.91357422,2424.24291992,68.7164077759
2171.87158203,2168.50927734,2057.59179688,3461.32714844
2180.3996582,2186.76245117,2080.14111328,501.151184082
2189.7578125,2192.99072266,2164.0949707,3114.03637695
2200.37084961,2196.96533203,2029.17199707,20624.625
2205.61645508,2203.02075195,1847.0859375,32407.4824219
2201.75634766,2202.01147461,1858.80175781,20525.8691406
2197.0402832,2192.61547852,1985.89819336,2949.6027832
2197.94360352,2186.85791016,2012.69897461,412.676727295
2197.52832031,2188.97216797,1939.61560059,3427.67724609
2189.25976563,2188.36450195,1934.3458252,-262.756622314
2179.45727539,2179.63598633,2009.81237793,-1973.14294434
2175.76611328,2172.58740234,2010.0715332,4073.4855957
2177.28076172,2176.25195313,1947.36279297,7164.02929688
2182.32836914,2185.92578125,2046.63549805,2176.82397461
2189.98779297,2190.21191406,2324.66845703,-1877.81970215
2193.0090332,2183.74829102,2453.18823242,538.077331543
2186.95507813,2172.13452148,2249.32617188,4493.52734375
2180.97192383,2164.93334961,1984.40661621,4818.08837891
2181.69897461,2162.37719727,1946.59265137,2129.83886719
2179.85620117,2156.97363281,2009.27563477,-0.468872994184
2171.07495117,2151.51977539,1954.68286133,570.940856934
2169.42578125,2157.90405273,1917.82397461,2708.99829102
2181.34326172,2172.56884766,2099.09130859,3706.97900391
2191.26049805,2178.02294922,2312.84912109,2721.2746582
2190.19091797,2173.98144531,2289.76416016,1448.84289551
2189.66308594,2176.76733398,2159.54174805,1444.29333496
2193.91235352,2185.63183594,2151.65625,2245.56274414
2191.07373047,2184.63500977,2147.234375,2485.11669922
2182.36230469,2176.828125,2027.29846191,2038.66772461
2185.53149414,2179.5637207,2047.20166016,1928.64868164
2201.65454102,2190.16308594,2344.14038086,2388.05834961
2211.20800781,2191.95947266,2545.7878418,2508.23999023
2206.88891602,2186.52490234,2366.8293457,1998.84899902
2200.11230469,2186.65258789,2086.60253906,1755.89660645
2195.4543457,2188.25,2002.80102539,2180.13720703
2187.52661133,2180.12817383,1971.14611816,2410.99511719
2180.21289063,2169.21166992,1866.91174316,1928.09521484
2181.33813477,2167.58032227,1899.83605957,1547.70153809
2182.92382813,2168.26586914,2115.16796875,1988.74768066
2173.32568359,2160.3059082,2183.60595703,2625.43798828
2162.10473633,2152.80712891,1991.18530273,2550.83325195
2166.20239258,2159.08374023,1845.72119141,1942.05432129
2180.49829102,2172.62695313,1888.9041748,1586.52441406
2188.92138672,2181.45043945,1924.5012207,1785.32189941
2192.50341797,2188.1340332,1941.10083008,2283.43310547
2199.21435547,2194.99389648,2135.87304688,2682.30029297
2202.07861328,2191.46728516,2378.65307617,2639.66040039
2194.03027344,2175.75854492,2334.34887695,2189.03369141
2184.63696289,2163.63891602,2083.54614258,1847.07678223
2178.98779297,2159.70996094,1970.12011719,1924.28222656
2164.97241211,2149.70166016,1980.71081543,2058.42993164
2140.18066406,2132.30419922,1906.64074707,1930.39916992
2122.58154297,2124.3269043,1863.82299805,1856.1875
2121.45800781,2128.77416992,2024.82641602,2092.92089844
2127.11108398,2133.60498047,2152.83105469,2262.80249023
2133.83105469,2139.54223633,1996.9420166,2077.58349609
2143.22680664,2152.93188477,1792.51062012,1898.58288574
2147.95605469,2161.74536133,1830.05944824,2006.46374512
2142.04907227,2154.52783203,1944.75085449,2091.55126953
2139.85205078,2147.25537109,1938.19433594,1991.50927734
2156.40527344,2157.96557617,2017.66137695,2095.43652344
2178.36401367,2173.34375,2300.05712891,2495.23608398
2180.90795898,2171.09155273,2413.32421875,2614.28588867
2164.71118164,2157.0324707,2122.86132813,2205.4987793
2151.05664063,2151.36694336,1802.72143555,1826.10083008
2147.83544922,2153.89916992,1788.13085938,1847.70214844
2146.21630859,2151.16015625,1862.68273926,1943.39465332
2145.77807617,2146.1574707,1835.46594238,1952.14709473
2154.52734375,2151.1796875,1953.12353516,2205.36376953
2165.10717773,2158.20776367,2308.82592773,2640.29760742
2160.63793945,2148.91992188,2513.70239258,2665.13525391
2146.0559082,2131.15429688,2336.2487793,2202.66357422
2143.83032227,2130.42333984,2068.79638672,1864.71582031
2156.1496582,2145.72387695,1991.40258789,1928.96643066
2162.02514648,2150.92041016,1998.40905762,2050.35986328
2153.93237305,2139.8046875,1933.43078613,2015.48486328
2146.42163086,2131.68798828,1875.23583984,2000.08215332
2148.07128906,2134.30053711,1956.62548828,2108.06445313
2154.06958008,2137.99072266,2140.51782227,2217.92724609
2162.18823242,2140.63598633,2265.56860352,2228.68115234
2169.8371582,2145.39990234,2250.28149414,2165.71704102
2166.54150391,2145.49755859,2184.98461914,2113.80395508
2151.64453125,2137.4284668,2154.72583008,2104.35498047
2141.74731445,2131.82299805,2080.46020508,2048.54663086
2145.06787109,2134.25585938,1914.91748047,1908.24682617
2152.49902344,2138.18041992,1827.78161621,1857.84399414
2160.73632813,2143.13989258,1944.71984863,2020.61950684
2173.17333984,2152.21557617,2105.57104492,2206.41723633
2178.56982422,2154.87670898,2131.83032227,2209.328125
2164.55615234,2143.19921875,2099.53271484,2131.95532227
2145.90087891,2133.34887695,2130.89453125,2138.68261719
2143.97509766,2139.73144531,2170.09912109,2172.40551758
2151.82177734,2147.71362305,2152.54467773,2145.45654297
2152.80908203,2142.56958008,2153.75561523,2120.54980469
2152.69311523,2138.02294922,2212.16748047,2138.54321289
2161.81591797,2145.90039063,2220.38378906,2134.39819336
2170.12207031,2149.77856445,2121.73510742,2107.69433594
2166.484375,2137.19677734,2014.85327148,2122.45849609
2158.55737305,2124.17431641,1965.90380859,2130.24584961
2155.26831055,2124.03198242,1927.53625488,2055.1574707
2152.61962891,2125.91186523,1907.58984375,1998.82580566
2146.86035156,2121.87524414,1980.453125,2084.03369141
2142.19873047,2122.01879883,2099.46508789,2205.48950195
2141.93725586,2130.0859375,2146.65551758,2216.23266602
2144.58129883,2133.34204102,2150.35351563,2189.53979492
2146.35839844,2124.56420898,2208.04370117,2222.46533203
2143.0949707,2112.03051758,2272.54296875,2209.54516602
2135.77514648,2104.74194336,2249.26879883,2070.41992188
2130.95043945,2102.4140625,2184.51147461,1950.68322754
2129.16503906,2100.44189453,2158.32348633,1980.10473633
2123.7590332,2097.10913086,2134.72070313,2063.57910156
2116.22143555,2095.28540039,2069.53076172,2062.27246094
2116.43725586,2097.96289063,2019.99414063,1997.10913086
2124.43237305,2103.88208008,2039.36218262,1982.90466309
2129.80004883,2110.56860352,2090.29589844,2065.98730469
2129.76147461,2117.77758789,2126.05078125,2165.01220703
2130.84960938,2123.73095703,2150.30664063,2166.12231445
2134.44702148,2124.35205078,2166.80834961,2081.89526367
2135.03149414,2119.73168945,2161.83007813,2034.42285156
2130.74462891,2114.11376953,2154.20825195,2057.59375
2126.03662109,2109.41137695,2187.70678711,2067.7734375
2125.18408203,2106.08227539,2258.12548828,2053.13012695
2127.4074707,2105.92089844,2306.96337891,2091.64013672
2128.16821289,2107.20678711,2297.34008789,2156.82617188
2125.87280273,2105.51977539,2243.578125,2122.20825195
2125.20922852,2103.23388672,2164.87963867,1991.55773926
2128.52392578,2105.59570313,2070.58813477,1925.72570801
2128.6418457,2107.73876953,1994.74755859,1997.9720459
2120.10351563,2102.29882813,1978.36218262,2087.60693359
2110.93798828,2095.47241211,2006.62158203,2076.29931641
2110.83276367,2096.77636719,2024.25891113,2018.33679199
2116.14257813,2101.85668945,2018.75256348,2027.40856934
2119.31884766,2103.49804688,2032.42480469,2096.82250977
2121.59301758,2105.14111328,2086.1706543,2147.25415039
2124.16333008,2107.88696289,2137.55053711,2169.10375977
2120.87036133,2103.61474609,2138.82080078,2193.08862305
2110.52392578,2092.68896484,2121.86035156,2206.36083984
2102.25585938,2086.23339844,2172.44580078,2205.6315918
2100.92236328,2084.93066406,2276.734375,2215.19555664
2101.0300293,2079.24291992,2283.09228516,2195.62329102
2099.29296875,2070.85595703,2135.16577148,2110.99902344
2099.58740234,2070.11914063,2006.62426758,2062.43945313
2103.10009766,2075.97045898,2025.01098633,2123.19848633
2105.95043945,2080.10839844,2073.62597656,2176.43798828
2107.81225586,2083.99462891,2088.17016602,2174.75878906
2111.86376953,2092.36181641,2229.66943359,2276.80981445
2115.84179688,2098.98364258,2493.87329102,2455.4309082
2113.67431641,2096.03955078,2557.67700195,2401.91040039
2107.42553711,2089.39794922,2311.32714844,2090.04321289
2108.91186523,2092.09008789,2094.95141602,1913.9967041
2125.5402832,2108.57055664,2141.89355469,2042.67224121
2148.92749023,2130.74951172,2260.04614258,2194.89111328
2163.11083984,2145.32446289,2268.73095703,2197.79418945
2163.91357422,2146.671875,2265.57495117,2203.1472168
2162.29296875,2143.73144531,2300.21826172,2265.04931641
2165.10546875,2145.95458984,2237.453125,2226.64526367
2165.49414063,2147.2434082,2069.93676758,2085.41894531
2161.0546875,2140.49902344,1990.01367188,2047.92785645
2163.40063477,2137.06420898,2066.32543945,2176.31567383
2174.43652344,2145.81762695,2136.16870117,2276.7590332
2174.47924805,2148.42138672,2072.86328125,2186.19824219
2154.52148438,2128.33178711,1956.22509766,2001.12988281
2137.13134766,2105.69482422,1928.67150879,1952.36279297
2141.60302734,2106.75366211,2004.44006348,2093.95458984
2152.80957031,2120.15625,2081.29370117,2216.203125
2150.43164063,2121.59692383,2099.52661133,2150.27368164
2144.73950195,2118.7277832,2110.58764648,2024.48498535
2155.25634766,2132.79516602,2156.33618164,2024.17785645
2174.14160156,2155.58837891,2183.11987305,2075.64990234
2179.81420898,2162.10986328,2166.42602539,2058.71630859
2173.52294922,2152.94824219,2195.41625977,2110.79785156
2173.26953125,2149.91967773,2301.88085938,2345.14135742
2177.71386719,2156.05957031,2348.671875,2509.27124023
2167.33300781,2153.27783203,2246.78149414,2349.55908203
2143.65185547,2140.77636719,2129.79077148,2074.82885742
2133.92944336,2141.48901367,2145.52734375,2031.60852051
2147.11914063,2161.81347656,2232.7109375,2161.69824219
2159.68969727,2178.80004883,2262.22412109,2187.62182617
2158.16723633,2178.69995117,2239.38647461,2097.49511719
2158.87548828,2174.49755859,2220.3359375,2059.18701172
2170.96020508,2175.15478516,2177.52270508,2060.5949707
2178.02050781,2171.66308594,2084.85717773,1992.22802734
2171.72412109,2161.93920898,2019.1763916,1927.63745117
2168.04760742,2158.4855957,2052.5715332,2007.12744141
2176.42407227,2165.8125,2116.96948242,2155.35083008
2183.79492188,2174.71606445,2088.61621094,2183.95751953
2180.69873047,2180.3215332,1975.19384766,2094.26977539
2176.86816406,2186.93945313,1906.39221191,2044.61730957
2180.06152344,2194.46435547,1939.83972168,2083.27612305
2181.30957031,2194.4609375,2001.39697266,2122.33447266
2173.66870117,2184.43212891,2036.90698242,2122.75927734
2167.13037109,2175.53637695,2080.19482422,2127.26293945
2169.55249023,2175.7331543,2132.42211914,2147.39282227
2169.60595703,2174.62670898,2122.07373047,2150.41723633
2156.75878906,2161.5222168,2036.76245117,2129.921875
2141.57006836,2146.64501953,1969.19421387,2109.80493164
2137.42236328,2142.74023438,1990.75402832,2105.95385742
2140.04174805,2142.22998047,2068.0847168,2114.38476563
2142.20922852,2137.43115234,2121.39453125,2112.46728516
2148.55322266,2140.94213867,2114.4050293,2086.38867188
2160.3581543,2159.08007813,2084.30175781,2074.71264648
2165.97265625,2171.21972656,2087.52490234,2125.83959961
2159.63012695,2162.5168457,2110.23608398,2192.90087891
2152.55004883,2150.52807617,2083.55664063,2167.90185547
2155.22802734,2154.88647461,2017.91906738,2060.87255859
2162.30175781,2166.46411133,2025.16601563,2022.77075195
2162.74414063,2168.15576172,2130.32617188,2108.50732422
2155.30737305,2162.28515625,2182.64111328,2158.54785156
2147.04174805,2158.23364258,2088.37426758,2064.21191406
2142.35644531,2153.40698242,1993.16784668,1983.50866699
2140.21362305,2143.4855957,2033.96118164,2055.94677734
2139.90405273,2135.96679688,2084.62915039,2120.21533203
2142.94921875,2139.31640625,2028.51464844,2059.73095703
2148.51074219,2148.9128418,2063.26708984,2135.28051758
2152.80493164,2154.03515625,2356.86694336,2504.08740234
2154.88818359,2151.92578125,2634.58813477,2763.45117188
2157.49023438,2147.3059082,2555.37280273,2545.46728516
2160.58691406,2142.92114258,2273.765625,2164.52539063
2160.3527832,2138.09960938,2158.7956543,2060.60961914
2155.97680664,2134.62915039,2194.20751953,2081.98413086
2151.43847656,2137.02075195,2153.98754883,1963.7722168
2150.02124023,2146.54418945,2130.05102539,1957.70983887
2152.57519531,2159.78662109,2349.1940918,2303.13183594
2159.74023438,2172.83666992,2653.92626953,2630.95458984
2170.01269531,2183.00610352,2687.75878906,2547.39770508
2177.64599609,2187.98461914,2460.41674805,2278.54589844
2178.33032227,2188.06933594,2263.45263672,2177.36157227
2175.5559082,2188.43310547,2167.17675781,2140.46582031
2176.08129883,2193.80297852,2048.57763672,2009.40539551
2179.83959961,2200.1784668,1974.15136719,1992.02758789
2180.23730469,2198.03686523,2101.56982422,2212.34155273
2175.47338867,2186.54711914,2311.12207031,2365.06787109
2171.9362793,2176.87573242,2350.91723633,2240.11157227
2171.89355469,2175.74536133,2237.04882813,2084.63134766
2167.46704102,2175.79589844,2154.52075195,2102.95532227
2156.50805664,2171.8581543,2136.3737793,2140.51147461
2153.01879883,2173.17041016,2165.84692383,2139.25756836
2165.96972656,2184.09521484,2345.78637695,2305.1809082
2180.58691406,2189.81835938,2644.50341797,2583.08349609
2181.14916992,2182.00244141,2772.02832031,2594.40283203
2176.41967773,2177.61181641,2602.77612305,2298.31640625
2178.984375,2188.27880859,2378.82055664,2087.78344727
2180.09082031,2196.94458008,2273.93115234,2101.01782227
2170.15429688,2189.41967773,2179.17553711,2078.53125
2160.6315918,2179.04882813,2082.24658203,1969.92883301
2163.12255859,2178.87158203,2163.07958984,2017.80505371
2170.72558594,2181.41894531,2376.10253906,2189.37768555
2174.41186523,2180.17431641,2443.48364258,2176.9699707
2174.82666016,2179.77636719,2348.66064453,1993.01916504
2172.98706055,2179.73730469,2341.19433594,1951.17993164
2167.82495117,2174.11132813,2437.22265625,2081.24584961
2159.84448242,2163.71704102,2418.83984375,2150.2121582
2149.19238281,2153.06469727,2314.10668945,2177.42675781
2140.60205078,2147.07983398,2375.09301758,2349.79003906
2145.30566406,2153.65942383,2580.85766602,2549.02246094
2162.33935547,2171.72387695,2633.0402832,2511.07641602
2173.33374023,2185.08666992,2454.63500977,2298.83349609
2170.36279297,2185.421875,2262.85913086,2144.31884766
2166.14233398,2183.50878906,2154.02929688,2050.953125
2168.39648438,2185.58764648,2035.37475586,1956.85534668
2170.375,2182.9753418,1945.06872559,1980.47692871
2168.0715332,2172.28271484,2016.11950684,2140.05688477
2164.11694336,2162.22949219,2154.09985352,2192.6472168
2159.96948242,2158.45214844,2149.41625977,2056.12182617
2158.75415039,2159.36645508,2039.06738281,1980.97692871
2165.87963867,2164.59692383,2008.17260742,2083.56494141
2180.72119141,2175.37768555,2072.5769043,2181.19750977
2196.22436523,2187.96923828,2151.82470703,2226.2277832
2204.39453125,2192.66186523,2253.85864258,2369.49487305
2199.09082031,2182.8984375,2356.67358398,2525.13452148
2182.53637695,2164.99072266,2340.27246094,2438.578125
2167.18334961,2151.41333008,2187.92114258,2188.07617188
2161.58081055,2144.97460938,2021.73461914,2063.99365234
2161.68188477,2141.09472656,1890.41516113,2045.47119141
2161.46728516,2141.3190918,1762.43164063,1940.71032715
2159.63769531,2148.89599609,1698.984375,1859.14233398
2155.16503906,2158.25976563,1783.1439209,1993.74658203
2150.26806641,2164.05859375,1932.04931641,2167.08862305
2152.91601563,2169.72998047,1999.59997559,2125.96801758
2163.71362305,2175.39428711,1985.32653809,2012.92578125
2170.41137695,2172.25390625,1965.8302002,2055.29711914
2165.9519043,2158.86743164,1951.01672363,2138.71728516
2159.56054688,2148.46948242,1968.39831543,2150.5769043
2162.26123047,2152.51196289,2120.52490234,2300.7019043
2172.98779297,2166.94824219,2400.34741211,2647.45947266
2183.59472656,2178.83422852,2614.92358398,2814.24951172
2188.78930664,2180.79150391,2610.84130859,2590.27685547
2188.87548828,2176.72509766,2420.34326172,2270.25878906
2187.13305664,2174.66088867,2146.73828125,2096.39819336
2184.8293457,2175.92797852,1882.17016602,1958.04333496
2179.87084961,2175.03564453,1732.47302246,1835.08691406
2173.39257813,2170.32519531,1759.83166504,1917.00561523
2172.25024414,2167.62768555,1913.24645996,2156.97192383
2177.0546875,2168.59960938,2089.50488281,2261.29077148
2175.58007813,2164.04711914,2213.07983398,2165.73242188
2161.58886719,2150.28930664,2254.59765625,2080.04907227
2150.24780273,2142.19360352,2240.79833984,2103.86035156
2155.02734375,2150.3605957,2226.02050781,2154.36962891
2162.01464844,2157.63867188,2240.84228516,2208.76806641
2154.77856445,2147.05859375,2313.6809082,2343.41040039
2149.84057617,2138.10571289,2472.48510742,2555.29956055
2170.43676758,2156.8137207,2647.14477539,2709.95385742
2199.02758789,2185.66430664,2677.88183594,2673.56201172
2200.73217773,2188.91235352,2500.81152344,2441.6574707
2182.08251953,2171.91699219,2237.56689453,2155.62109375
2175.97924805,2165.17578125,2066.92822266,1997.89758301
2179.71508789,2166.02441406,2070.66699219,2030.82165527
2165.09960938,2151.08984375,2195.18676758,2151.15087891
2140.47729492,2131.5090332,2317.06054688,2240.78735352
2140.765625,2137.9128418,2347.27050781,2293.97583008
2162.58447266,2162.05883789,2269.51757813,2318.40209961
2170.51171875,2169.1862793,2112.47070313,2246.36181641
2160.36767578,2157.37744141,1970.89477539,2109.96899414
2157.50634766,2152.16943359,2009.91418457,2136.11474609
2162.56201172,2155.18920898,2296.8972168,2417.23657227
2154.72021484,2147.64038086,2645.4296875,2667.49291992
2136.7199707,2130.51123047,2784.71362305,2610.6706543
2127.77954102,2118.72045898,2677.86010742,2398.72436523
2127.07763672,2112.67626953,2511.62915039,2299.55688477
2123.13500977,2107.87841797,2383.64770508,2243.92211914
2119.54760742,2109.97485352,2216.02026367,2084.94873047
2122.77172852,2118.67431641,2023.90283203,1995.4942627
2127.5,2123.11791992,1999.2869873,2157.63720703
2131.58935547,2123.06958008,2170.90771484,2353.31225586
2139.52197266,2126.4609375,2261.03808594,2299.04516602
2144.15893555,2128.00683594,2114.11791992,2105.44042969
2134.29785156,2120.25585938,1966.72558594,2024.50183105
2120.19287109,2115.31958008,2025.96179199,2039.25109863
2121.04760742,2125.44873047,2151.62670898,2053.05615234
2132.35083008,2137.03344727,2253.76025391,2189.66943359
2135.75170898,2132.17724609,2537.17138672,2551.72631836
2131.69702148,2119.29394531,3002.17797852,2911.89086914
2132.27685547,2116.62255859,3214.3269043,2961.53369141
2133.64941406,2121.64697266,2929.68945313,2700.43896484
2124.54907227,2119.89501953,2467.47363281,2353.31054688
2111.06713867,2110.86621094,2200.19262695,2082.29882813
2108.85546875,2105.81860352,2141.35620117,1962.72180176
2120.28320313,2109.15820313,2181.22949219,2031.03845215
2135.57861328,2116.87402344,2275.29370117,2184.10546875
2147.2121582,2126.71704102,2328.88452148,2231.98120117
2153.38598633,2138.32226563,2248.84790039,2150.51660156
2154.40820313,2146.84765625,2086.93505859,2061.44702148
2149.84863281,2144.67041016,1944.73474121,1994.55334473
2138.52075195,2129.89746094,1893.2755127,1965.22399902
2125.36987305,2111.74169922,2013.74719238,2113.01782227
2123.5222168,2105.99291992,2243.47680664,2390.13549805
2136.84619141,2119.69970703,2299.47143555,2439.81201172
2148.12646484,2139.94458008,2081.00244141,2176.00805664
2141.98217773,2147.42236328,1873.69213867,1976.45068359
2129.63842773,2142.24755859,1851.8137207,1989.70922852
2131.76416016,2142.57299805,1840.21057129,1977.47473145
2147.98022461,2155.12475586,1815.33178711,2002.20056152
2162.26782227,2164.89819336,2012.94067383,2340.70581055
2167.70776367,2160.51147461,2356.47558594,2725.22924805
2167.85009766,2150.03808594,2467.67602539,2672.59057617
2161.5222168,2140.64648438,2306.20239258,2351.06518555
2144.17993164,2123.77124023,2143.80932617,2195.48730469
2123.31152344,2097.53198242,2025.22790527,2125.2746582
2116.06396484,2082.37084961,1852.66503906,1933.73217773
2125.92602539,2091.81518555,1749.96533203,1828.11279297
2136.99365234,2108.40112305,1849.20385742,1973.02734375
2139.58959961,2112.73681641,2011.31872559,2126.58056641
2142.46313477,2113.03540039,2079.75732422,2105.1472168
2149.31079102,2120.87841797,2114.43798828,2067.1796875
2148.13256836,2125.17114258,2207.00585938,2161.16967773
2136.15820313,2116.26660156,2323.32397461,2299.80493164
2128.20703125,2108.25732422,2408.79003906,2359.64941406
2131.1965332,2114.89526367,2466.86889648,2357.62475586
2137.63427734,2129.39038086,2480.34130859,2353.57714844
2144.97265625,2141.30126953,2368.22509766,2295.28466797
2153.13867188,2147.78564453,2115.72558594,2114.65966797
2151.60595703,2145.11962891,1884.2265625,1927.19189453
2137.5859375,2134.31542969,1829.53161621,1889.46191406
2130.34204102,2129.08203125,1875.96875,1939.21459961
2141.10009766,2136.19506836,1897.19665527,1983.62927246
2152.89526367,2143.20849609,1969.21386719,2121.88525391
2151.78637695,2141.69702148,2132.47924805,2328.5012207
2146.30908203,2137.6809082,2163.5012207,2319.1418457
2140.40649414,2130.04443359,1958.96948242,2075.98461914
2125.81616211,2112.29956055,1797.61706543,1954.26794434
2111.48706055,2097.85107422,1866.04162598,2042.56420898
2118.3996582,2105.60986328,1979.99938965,2106.80371094
2141.00756836,2125.94360352,2053.96142578,2204.36132813
2154.70629883,2137.53100586,2261.53613281,2529.60009766
2156.75634766,2142.80371094,2511.40600586,2772.78466797
2161.15820313,2152.96826172,2437.07910156,2521.65112305
2166.21166992,2160.75268555,2069.78979492,2059.2824707
2162.21069336,2156.74633789,1837.08178711,1914.29211426
2153.68432617,2147.57080078,1850.99401855,2000.25097656
2148.28588867,2139.82324219,1888.328125,1988.74108887
2144.7355957,2132.51953125,1972.95007324,2018.25158691
2144.7331543,2131.09814453,2257.21411133,2271.15820313
2152.41821289,2141.65454102,2519.27929688,2421.20703125
2160.45996094,2154.91503906,2466.88842773,2206.03125
2160.2199707,2159.34204102,2272.34399414,1961.8848877
2157.22070313,2158.40942383,2229.15600586,2011.83911133
2157.94067383,2157.98852539,2264.11987305,2157.35961914
2158.69580078,2155.70922852,2255.91821289,2214.84838867
2160.43920898,2154.37475586,2344.75927734,2351.41821289
2171.10986328,2162.63085938,2550.75927734,2563.18603516
2185.19140625,2174.90649414,2613.65649414,2552.5012207
2186.23535156,2174.7253418,2462.73046875,2316.3503418
2173.75195313,2161.34326172,2319.19677734,2148.51000977
2163.71948242,2150.14038086,2248.47973633,2061.92895508
2162.24584961,2147.08496094,2151.02978516,1907.08825684
2160.99731445,2144.69555664,2127.63012695,1863.31738281
2156.95214844,2140.19824219,2300.53442383,2110.71289063
2155.8737793,2137.14599609,2451.83691406,2342.60522461
2157.76660156,2133.72705078,2361.12963867,2258.34204102
2157.22753906,2127.85253906,2214.19775391,2104.24243164
2156.45581055,2127.07226563,2225.68847656,2156.04321289
2161.4855957,2136.65942383,2284.62426758,2225.69921875
2167.66503906,2146.12792969,2350.67700195,2188.69091797
2163.87768555,2142.60864258,2620.09741211,2330.73071289
2149.26049805,2128.81835938,2976.48266602,2689.53881836
2133.91552734,2116.48071289,2967.859375,2780.31079102
2126.65136719,2112.99316406,2580.50415039,2423.05712891
2130.82788086,2122.40209961,2284.85913086,2080.00219727
2145.58959961,2144.94677734,2196.09765625,2013.34741211
2163.07275391,2168.81811523,2024.62927246,1958.38208008
2172.20239258,2178.29101563,1852.01403809,1893.17028809
2171.76074219,2175.00683594,2033.4239502,2154.74365234
2171.03076172,2174.74267578,2390.83496094,2586.08349609
2173.92431641,2181.96606445,2424.16259766,2612.03759766
2173.73803711,2186.30566406,2202.45898438,2269.58398438
2165.91455078,2182.57739258,2168.17675781,2114.38549805
2153.67871094,2174.56030273,2276.56738281,2198.54296875
2140.68554688,2163.49780273,2204.30615234,2209.49243164
2130.65161133,2152.05151367,2121.81420898,2305.96923828
2131.33276367,2151.01293945,2367.49243164,2718.25610352
2144.9934082,2163.53344727,2664.37475586,2991.62304688
2159.15112305,2174.39746094,2528.94677734,2677.19921875
2159.15527344,2170.51293945,2127.59936523,2182.11035156
2145.0390625,2157.89624023,1921.19665527,2027.99291992
2129.94750977,2149.57983398,1866.77429199,2013.5604248
2129.83349609,2154.03295898,1735.01220703,1882.4251709
2151.5546875,2174.60107422,1728.25683594,1939.09875488
2179.08666992,2199.54467773,2037.86767578,2310.73071289
2184.7734375,2204.62255859,2305.97583008,2502.24194336
2168.0300293,2187.80615234,2204.30175781,2270.41088867
2157.52734375,2177.30908203,2009.21044922,2057.92822266
2162.68603516,2184.93212891,2043.4083252,2124.59375
2162.96972656,2189.04174805,2149.30908203,2157.67602539
2155.64819336,2180.91674805,2173.47949219,2068.61328125
2160.49707031,2178.25415039,2308.10375977,2217.16210938
2168.43432617,2178.94848633,2566.68554688,2569.45214844
2149.40820313,2160.33374023,2599.37329102,2599.49853516
2118.27246094,2135.48144531,2323.75097656,2238.69067383
2123.39526367,2146.43603516,2081.74658203,1978.79150391
2164.22045898,2190.88183594,2016.84924316,1955.12316895
2189.03686523,2217.59838867,1956.11328125,1885.06628418
2178.11645508,2204.41357422,1927.04992676,1850.31054688
2164.41381836,2183.68212891,2112.7121582,2149.65991211
2168.91333008,2180.88061523,2357.16040039,2526.95043945
2172.99121094,2179.76391602,2356.96411133,2498.0480957
2161.73461914,2163.79174805,2202.55688477,2206.5925293
2149.98999023,2149.76635742,2169.19067383,2108.82226563
2153.16015625,2156.41235352,2222.68603516,2180.86669922
2160.60351563,2168.15722656,2230.89233398,2186.02832031
2154.28344727,2159.6940918,2316.63964844,2242.35107422
2139.42895508,2139.2800293,2541.96948242,2467.07299805
2136.20092773,2133.72680664,2631.88037109,2581.49536133
2144.6003418,2140.4987793,2413.75170898,2393.68432617
2143.21826172,2134.26342773,2137.01806641,2155.86376953
2127.51049805,2116.94384766,2043.40563965,2092.12866211
2119.75463867,2117.05102539,2030.73059082,2085.53637695
2131.10791016,2138.04956055,1985.42883301,2039.96105957
2144.59985352,2152.16381836,2019.73413086,2061.75
2145.51098633,2147.45849609,2154.4597168,2155.28759766
2138.29272461,2138.33398438,2166.33959961,2155.42456055
2129.25,2132.30615234,1969.13208008,2040.82971191
2121.23144531,2126.94189453,1805.5213623,1986.56628418
2120.83740234,2129.31030273,1867.70593262,2068.28588867
2126.82421875,2142.36254883,2031.64099121,2184.82739258
2127.07299805,2150.71484375,2132.18676758,2283.89331055
2121.91308594,2146.25024414,2195.74414063,2400.98901367
2122.60961914,2139.69897461,2238.86987305,2463.140625
2124.38500977,2134.6394043,2147.54931641,2335.3972168
2118.54321289,2126.97753906,1924.48791504,2090.66748047
2119.81103516,2127.99511719,1772.5135498,1954.69152832
2139.7824707,2147.15771484,1797.78613281,1976.81860352
2157.57275391,2166.68383789,1878.53662109,2023.40002441
2155.91186523,2170.0300293,1898.2833252,2048.99462891
2151.90063477,2170.27416992,1883.84460449,2105.08740234
2161.75805664,2182.01733398,1883.11450195,2155.07641602
2176.44189453,2198.04931641,1885.87744141,2122.71020508
2190.79443359,2212.21020508,1880.5916748,2053.16601563
2211.63525391,2229.19189453,1885.85717773,2049.43530273
2228.59814453,2241.95776367,1917.93701172,2108.90795898
2221.56762695,2234.48828125,1956.4420166,2136.28857422
2197.84399414,2210.48339844,1953.3828125,2084.88500977
2183.14111328,2190.27783203,1901.06506348,2012.13183594
2182.93408203,2182.47338867,1859.91845703,1985.31018066
2186.13964844,2182.42553711,1865.09338379,1988.9831543
2193.41430664,2190.01660156,1874.99060059,1985.32507324
2209.72045898,2205.91967773,1876.47290039,2007.39526367
2222.6340332,2218.30566406,1918.24719238,2081.69140625
2217.91381836,2214.39819336,1974.96972656,2124.64477539
2205.26635742,2200.05517578,1958.00378418,2070.47875977
2202.99609375,2190.68310547,1910.01464844,2019.92907715
2208.31323242,2188.06811523,1952.81738281,2074.91162109
2205.65258789,2181.9128418,2041.51855469,2141.33178711
2193.32885742,2169.01538086,2068.95727539,2116.94042969
2182.12768555,2155.87280273,2131.58984375,2109.08862305
2176.19775391,2145.05224609,2317.35571289,2200.84423828
2170.40600586,2132.41601563,2402.95288086,2216.3425293
2162.58105469,2119.73535156,2197.9987793,2025.0246582
2158.66113281,2117.94604492,1939.7923584,1831.34082031
2163.41552734,2130.06103516,1911.89660645,1852.37268066
2171.00976563,2142.15600586,2005.62414551,1981.46459961
2172.4050293,2142.91137695,2044.32543945,2044.01293945
2168.71069336,2138.8347168,2125.91650391,2083.109375
2165.95922852,2137.64160156,2311.1237793,2162.46044922
2162.40917969,2135.01464844,2399.75756836,2188.99316406
2154.43701172,2129.65600586,2277.30322266,2111.46508789
2145.48193359,2128.10083008,2124.27905273,2045.82556152
2136.52514648,2125.99267578,2122.72558594,2091.12915039
2122.09130859,2111.71704102,2216.36132813,2187.85620117
2106.20996094,2093.51269531,2249.02661133,2212.01147461
2103.45092773,2093.70361328,2200.02612305,2140.26757813
2115.37158203,2112.98022461,2207.44995117,2098.85327148
2127.03515625,2128.96533203,2349.35351563,2206.67211914
2131.5480957,2131.04248047,2484.63012695,2372.87402344
2133.61669922,2127.82641602,2458.05786133,2397.00610352
2128.84399414,2121.09350586,2365.84716797,2277.25390625
2110.17626953,2104.66943359,2373.22094727,2190.46826172
2094.32373047,2090.62109375,2405.11572266,2183.13793945
2106.93041992,2101.66796875,2335.92407227,2184.8684082
2140.33544922,2131.98510742,2297.92578125,2258.35571289
2161.1652832,2150.00024414,2423.69189453,2455.39306641
2160.19140625,2146.56494141,2514.81665039,2557.33056641
2158.29663086,2144.95727539,2379.79370117,2400.52441406
2163.46069336,2156.1887207,2216.12158203,2237.05639648
2160.56665039,2161.38061523,2231.33349609,2302.6159668
2146.05566406,2148.58447266,2245.69799805,2384.49707031
2135.93725586,2133.07373047,2093.47167969,2287.43994141
2135.60693359,2129.39160156,1981.3581543,2225.41333008
2133.68164063,2131.83178711,2067.41552734,2330.32958984
2129.40966797,2134.09985352,2190.16674805,2407.88769531
2138.51245117,2144.18383789,2305.55297852,2492.52392578
2165.36743164,2165.61889648,2600.61816406,2871.82714844
2190.26928711,2182.2331543,2969.18969727,3362.96435547
2194.41992188,2179.22680664,3010.44555664,3406.96142578
2184.58398438,2167.68505859,2670.33789063,2963.79882813
2180.79907227,2169.00219727,2298.1340332,2526.50195313
2187.94897461,2183.4296875,2084.25,2333.99072266
2194.7878418,2194.07275391,1977.89990234,2278.88525391
2196.18310547,2194.55957031,2012.86291504,2353.75195313
2197.59741211,2191.94287109,2207.16674805,2548.14257813
2198.79760742,2188.56860352,2343.03369141,2610.84057617
2192.93139648,2181.23730469,2261.24829102,2409.82910156
2182.7121582,2174.02783203,2121.78295898,2181.29248047
2179.32641602,2175.27050781,2099.80786133,2134.23046875
2184.67382813,2184.22290039,2160.64208984,2222.43237305
2190.18896484,2192.03393555,2287.69555664,2416.15283203
2192.52270508,2194.25219727,2517.64038086,2717.44995117
2197.19799805,2194.92602539,2687.01513672,2916.18823242
2206.24365234,2197.73779297,2585.390625,2818.96069336
2211.93139648,2198.8515625,2322.22753906,2597.47094727
2207.06958008,2194.55786133,2127.81860352,2480.36010742
2196.58935547,2191.13916016,1980.28820801,2377.97338867
2190.53125,2194.11010742,1830.09020996,2210.41723633
2187.95727539,2192.98339844,1860.50219727,2202.92163086
2181.75073242,2177.27246094,2117.92651367,2450.05541992
2176.49072266,2160.1965332,2284.01123047,2630.05566406
2180.37133789,2159.48999023,2168.86279297,2515.97949219
2184.08178711,2166.44628906,1989.45996094,2308.95800781
2175.04101563,2165.3359375,1923.41162109,2208.203125
2164.07519531,2164.37426758,1898.03100586,2174.65991211
2166.56884766,2172.41992188,1958.13183594,2272.42578125
2171.46069336,2171.5246582,2278.94750977,2639.12963867
2163.31396484,2150.28637695,2723.9765625,3034.97851563
2155.69189453,2134.01318359,2912.98193359,3055.79663086
2167.27050781,2145.86987305,2748.69702148,2773.37939453
2186.77636719,2170.12451172,2450.88745117,2548.04907227
2194.11132813,2183.55566406,2178.32299805,2393.55615234
2193.09301758,2189.46289063,1980.95275879,2144.01147461
2195.70629883,2196.80004883,1933.16687012,1955.50964355
2197.32373047,2198.47216797,2026.51586914,2070.23242188
2190.9699707,2189.71459961,2130.7890625,2369.42480469
2185.38452148,2181.55053711,2183.55444336,2553.5637207
2189.53271484,2182.60058594,2197.64086914,2517.4543457
2195.08081055,2185.88427734,2136.82128906,2378.89648438
2189.42993164,2181.40991211,2024.79785156,2295.07250977
2175.58886719,2171.17114258,1998.86560059,2253.40844727
2167.79345703,2166.79931641,2074.50463867,2133.52294922
2173.28344727,2174.85253906,2137.50610352,2118.73095703
2185.85620117,2186.97119141,2219.42871094,2578.88476563
2194.24291992,2188.36865234,2388.83959961,3201.00415039
2192.26782227,2175.43969727,2449.59692383,3047.93041992
2182.08154297,2158.04174805,2221.13671875,2062.67822266
2170.05615234,2144.99121094,1936.05297852,1512.03967285
2161.68896484,2137.67285156,1876.67114258,2137.82128906
2161.56176758,2138.43994141,1912.09667969,2883.64355469
2171.53442383,2150.63671875,1854.04943848,2464.63427734
2182.55297852,2165.52587891,1862.66064453,1399.91748047
2179.32202148,2166.2121582,2052.86865234,1301.16308594
2163.2668457,2153.00048828,2164.88671875,2464.45556641
2155.07373047,2146.4230957,2037.73754883,3342.30639648
2164.69995117,2156.59179688,1928.0880127,2683.20019531
2180.82592773,2171.28417969,2020.7130127,1332.94714355
2195.41430664,2180.54736328,2127.51611328,1162.35473633
2209.64672852,2187.07714844,2133.78295898,2512.01635742
2215.09985352,2188.76611328,2206.38208008,3644.22290039
2201.85229492,2178.90380859,2355.24438477,3095.12744141
2182.28442383,2165.20507813,2326.56420898,1726.54003906
2177.9465332,2163.85205078,2067.78833008,1388.13842773
2189.30712891,2175.1796875,1801.91894531,2056.65332031
2198.80249023,2183.36279297,1629.52087402,2066.91918945
2195.50268555,2178.33447266,1525.76049805,1268.04248047
2185.09277344,2166.54858398,1589.34436035,1536.69091797
2179.90551758,2160.11816406,1818.41394043,3128.37475586
2183.18139648,2161.87451172,1899.56738281,3297.48632813
2187.98754883,2166.66308594,1684.73181152,885.725402832
2193.29980469,2173.95898438,1521.18017578,-705.579101563
2205.13696289,2186.65673828,1657.24169922,1810.97766113
2217.12011719,2199.04638672,1766.01538086,5819.61181641
2214.60913086,2202.51513672,1545.36499023,5029.96142578
2202.35253906,2200.73339844,1295.72302246,-1331.33325195
2200.39453125,2203.48852539,1347.69067383,-4673.43212891
2211.85058594,2210.79492188,1427.19042969,2048.09716797
2219.89599609,2214.49975586,1213.57336426,10455.5283203
2213.8972168,2208.96166992,997.619567871,6372.23535156
2200.63989258,2196.93481445,1086.70739746,-5486.58203125
2193.18359375,2190.09033203,1116.74731445,-6832.90869141
2195.63623047,2196.03515625,724.343383789,3058.79370117
2198.48828125,2203.47607422,333.083465576,7963.68554688
2194.54858398,2198.34008789,488.758300781,6884.29101563
2194.06445313,2189.57006836,948.848144531,13701.4648438
2206.07714844,2192.19799805,1125.70776367,24869.0605469
2216.29760742,2197.20556641,958.715515137,22369.3925781
2210.47167969,2190.7734375,809.102355957,8242.44628906
2202.54833984,2184.48071289,859.026977539,3985.01293945
2208.69482422,2191.70654297,966.720825195,15593.5673828
2216.06347656,2197.89990234,932.086242676,24747.6738281
2209.15600586,2187.67163086,773.094482422,18154.2539063
2201.13476563,2175.14501953,699.591369629,7356.64794922
2208.64331055,2177.60205078,756.598999023,9146.03808594
2221.43139648,2185.05761719,771.610046387,18443.4277344
2222.84863281,2181.13305664,823.713684082,19382.5957031
2216.74316406,2170.53295898,1237.28344727,14565.9423828
2213.95776367,2165.65722656,1849.06884766,15051.2080078
2212.66162109,2165.68554688,1977.18933105,12665.3291016
2206.86279297,2164.51220703,1437.73059082,-2330.95507813
2198.79492188,2164.00341797,860.879821777,-13417.1044922
2193.62792969,2167.63061523,729.232543945,-4577.28564453
2192.80493164,2172.57470703,830.307189941,9712.73339844
2196.50512695,2177.04174805,857.088439941,13736.6220703
2204.53540039,2186.12036133,857.075744629,16584.796875
2213.4440918,2202.45947266,898.185119629,22665.8261719
2218.34838867,2218.7902832,844.628295898,17525.2832031
2218.52294922,2227.86865234,648.359375,3842.81201172
2218.70507813,2233.01489258,516.881286621,5398.06494141
2223.95581055,2239.74487305,646.576538086,22026.6015625
2232.92236328,2244.01660156,927.307434082,26920.8847656
2237.53588867,2239.68334961,1021.64660645,14334.1601563
2232.97753906,2231.72265625,784.747070313,5554.82226563
2226.19946289,2230.84130859,514.15032959,6672.32861328
2226.81274414,2238.41894531,582.515197754,3064.37646484
2232.16430664,2246.2644043,892.79699707,-5795.26953125
2234.55859375,2249.87329102,1018.56414795,-4732.09619141
2237.86010742,2252.77416992,860.667236328,5826.60009766
2245.51733398,2254.42407227,766.007263184,9204.54003906
2241.19482422,2243.95947266,939.02734375,1528.61987305
2213.51220703,2218.67651367,1135.62060547,-4145.41259766
2188.30566406,2199.71191406,1083.75976563,-848.251037598
2195.1340332,2207.27026367,883.847900391,4547.63085938
2216.78369141,2227.56225586,803.928527832,4789.36376953
2218.89648438,2232.73291016,910.440246582,1219.58276367
2209.17529297,2224.71923828,1085.96923828,-656.60546875
2215.61547852,2225.30786133,1245.86791992,987.22265625
2230.58862305,2234.33325195,1379.32653809,3071.0390625
2229.01416016,2234.96972656,1465.6895752,2774.25390625
2215.82421875,2226.89160156,1438.02758789,1328.86010742
2209.33618164,2220.80151367,1264.87023926,1191.09631348
2206.03759766,2216.65795898,1150.61914063,2028.45593262
2197.27832031,2210.71264648,1474.7701416,2129.46386719
2190.74755859,2204.55419922,2185.234375,1626.21655273
2192.14404297,2197.36450195,2560.05859375,1864.28039551
2192.92700195,2188.234375,2187.67211914,2758.01293945
2185.19116211,2180.14086914,1743.77282715,2929.14379883
2168.46166992,2168.65966797,1982.31408691,1986.72375488
2148.95874023,2149.94189453,2561.49658203,1147.18310547
2144.19580078,2143.51171875,2802.73193359,1603.42285156
2166.71606445,2168.4543457,2857.16333008,3003.7722168
2197.45556641,2201.54199219,3143.70043945,3799.10180664
2204.33374023,2205.37963867,3421.68457031,3140.99072266
2187.08935547,2186.11401367,3302.08227539,2045.39074707
2173.11181641,2177.11450195,2976.81396484,1977.01831055
2174.61450195,2183.91601563,2819.44042969,2726.86938477
2179.63720703,2187.38793945,2849.61108398,2921.16015625
2179.20092773,2182.46923828,2926.9921875,2296.28466797
2177.91943359,2179.56079102,3023.87451172,1960.93322754
2178.81860352,2180.32910156,3181.24853516,2496.8894043
2175.71020508,2175.60620117,3427.125,3217.00805664
2167.06884766,2163.99072266,3672.26098633,3373.13525391
2166.13574219,2158.76977539,3682.59057617,3013.91308594
2182.1784668,2168.9831543,3410.10717773,2614.04077148
2199.03979492,2180.79125977,3223.32983398,2586.43139648
2195.5690918,2174.85253906,3436.43286133,3036.76049805
2180.60693359,2157.84301758,3792.11010742,3558.9675293
2177.76831055,2151.76074219,3830.55957031,3590.03930664
2184.72094727,2156.63671875,3576.09716797,3184.32983398
2182.0769043,2154.171875,3415.65087891,2906.76757813
2169.95336914,2142.29833984,3460.04150391,2896.37036133
2160.59155273,2134.42944336,3489.85913086,2806.21826172
2152.00610352,2132.86523438,3439.21289063,2666.17114258
2140.80444336,2131.74487305,3463.83032227,2828.18334961
2138.76245117,2134.07495117,3557.62524414,3078.22851563
2151.15722656,2143.07568359,3540.95849609,2877.01708984
2164.82543945,2153.18164063,3423.03637695,2410.30664063
2172.92749023,2162.96948242,3386.63256836,2323.11987305
2181.65722656,2175.73876953,3456.12841797,2614.04052734
2188.82592773,2184.89257813,3525.85107422,2841.71386719
2188.36254883,2183.84692383,3602.35546875,3048.89941406
2189.11743164,2181.97827148,3712.76464844,3461.69848633
2197.67675781,2184.92578125,3756.08911133,3753.5144043
2200.11694336,2179.20581055,3685.15576172,3511.21264648
2188.6862793,2161.16748047,3597.10180664,2934.546875
2178.99194336,2150.62841797,3506.81933594,2433.05908203
2178.05688477,2153.78344727,3340.23608398,2096.44091797
2171.55004883,2151.32836914,3200.77026367,1963.18493652
2159.50219727,2140.45654297,3277.1809082,2185.03540039
2160.89086914,2142.15039063,3489.02856445,2652.11352539
2171.35107422,2154.57177734,3579.27148438,2972.52148438
2166.61572266,2152.55883789,3509.09204102,2958.82763672
2153.38110352,2140.34643555,3448.32885742,2793.1574707
2159.75341797,2145.52099609,3458.05200195,2706.65258789
2176.86694336,2161.0949707,3457.42871094,2731.1496582
2172.76367188,2157.13232422,3433.53369141,2765.93701172
2153.5144043,2138.86206055,3457.66650391,2761.16162109
2146.05883789,2129.76147461,3525.06152344,2773.28222656
2143.25341797,2122.32202148,3536.25341797,2829.55737305
2127.74902344,2104.62890625,3445.27172852,2831.81567383
2115.15917969,2096.00097656,3337.18432617,2698.71801758
2119.68725586,2106.80737305,3317.95117188,2516.81567383
2121.71289063,2113.38305664,3361.96240234,2431.31518555
2109.07055664,2105.81665039,3344.3659668,2466.38525391
2098.5300293,2101.98193359,3246.7109375,2560.27832031
2094.89257813,2100.99121094,3222.76708984,2689.4230957
2085.98095703,2087.7644043,3366.03686523,2835.20263672
2081.23486328,2078.63305664,3520.41137695,2905.25244141
2095.52099609,2094.59033203,3467.21264648,2820.12841797
2108.83447266,2110.84033203,3231.23193359,2650.03662109
2100.65209961,2099.81640625,3056.33032227,2576.0703125
2092.63256836,2086.13891602,3088.84692383,2697.34179688
2101.2956543,2093.34082031,3209.00244141,2903.14257813
2098.04321289,2091.12133789,3237.62231445,2976.20629883
2072.61230469,2063.39892578,3184.83178711,2834.43847656
2071.45581055,2059.62329102,3111.60668945,2602.6105957
2113.49682617,2105.65014648,2887.90869141,2418.17114258
2142.13452148,2141.9362793,2453.11694336,2300.80786133
2121.12988281,2124.67260742,2172.19213867,2259.83862305
2097.00561523,2102.21875,2391.54223633,2336.47460938
2109.81274414,2119.84667969,2793.65844727,2479.69995117
2128.7019043,2142.27490234,2840.27514648,2565.55786133
2126.28637695,2136.56396484,2631.80517578,2562.84033203
2128.19848633,2134.7956543,2611.19824219,2530.34204102
2145.19189453,2155.68554688,2745.87841797,2495.11303711
2140.19628906,2157.77954102,2768.21118164,2464.97949219
2100.70214844,2121.31665039,2814.50512695,2473.40795898
2072.09790039,2092.99560547,3073.87670898,2510.14526367
2087.27441406,2107.5715332,3262.57373047,2508.43237305
2118.7722168,2134.85424805,3096.64453125,2447.23754883
2126.50268555,2137.35986328,2798.52685547,2361.44335938
2111.34594727,2123.34155273,2648.41479492,2257.84155273
2098.34472656,2115.82788086,2559.59741211,2137.90600586
2096.84057617,2114.53320313,2437.09667969,2070.09985352
2100.82275391,2111.28149414,2420.09936523,2109.30615234
2108.52832031,2109.21630859,2547.58935547,2186.88623047
2118.06445313,2108.875,2652.6862793,2202.08374023
2117.53759766,2100.78466797,2672.734375,2164.484375
2101.28344727,2084.43408203,2695.08691406,2149.63989258
2083.40673828,2073.4987793,2733.6784668,2185.61694336
2077.33227539,2074.0378418,2725.44335938,2242.61669922
2077.68603516,2076.59863281,2649.90698242,2265.78100586
2076.7644043,2074.87719727,2529.82885742,2223.35375977
2078.71826172,2073.78735352,2444.94750977,2170.88476563
2085.49438477,2075.85302734,2500.75146484,2172.07250977
2090.7019043,2077.09570313,2633.75537109,2159.70458984
2095.09521484,2078.10424805,2639.89013672,2066.01586914
2105.38598633,2082.78759766,2517.51342773,2001.71862793
2115.01416016,2086.08837891,2469.98144531,2057.76806641
2110.5847168,2079.4152832,2524.24121094,2128.37207031
2098.19580078,2068.48461914,2564.85083008,2171.22167969
2098.49487305,2069.4621582,2693.98583984,2323.51928711
2114.27978516,2085.46166992,3051.41210938,2570.91455078
2126.04467773,2101.02783203,3395.27929688,2686.05493164
2121.53393555,2102.53100586,3368.03051758,2574.27832031
2108.91918945,2092.58422852,3012.08935547,2328.95703125
2098.73168945,2082.03076172,2633.63793945,2049.00366211
2092.43505859,2076.95629883,2397.88061523,1866.5769043
2091.80029297,2076.72265625,2314.046875,1892.77697754
2101.32348633,2079.59204102,2355.28393555,2019.84570313
2116.89111328,2086.02856445,2469.84814453,2106.98168945
2126.35449219,2094.88598633,2646.5690918,2236.25585938
2124.79516602,2099.47509766,2888.02758789,2421.50170898
2118.85791016,2094.81469727,3047.09667969,2422.14501953
2115.79980469,2087.33666992,2955.01953125,2194.23999023
2117.5012207,2087.25073242,2706.80419922,2027.52783203
2124.02734375,2093.66308594,2505.52661133,2010.16564941
2134.32666016,2098.91259766,2356.84936523,1952.27416992
2143.85839844,2102.51855469,2226.88842773,1898.01977539
2148.29296875,2108.22827148,2243.81884766,2048.71386719
2148.76708984,2114.13354492,2442.50292969,2245.9987793
2148.24682617,2116.68505859,2603.13061523,2194.31616211
2145.56689453,2117.04638672,2566.87084961,2016.65466309
2139.42431641,2117.09179688,2427.72167969,1986.69628906
2134.22705078,2116.9140625,2318.10205078,2027.51757813
2133.70825195,2117.00317383,2289.56103516,2020.23095703
2132.90039063,2115.95092773,2401.5690918,2154.93115234
2126.15771484,2111.62231445,2649.77490234,2469.73046875
2118.4934082,2109.2565918,2850.34765625,2582.54321289
2117.36230469,2115.53564453,2827.92553711,2323.46972656
2118.88134766,2122.79516602,2636.97241211,2049.23754883
2116.07177734,2118.63330078,2417.69970703,1998.06311035
2112.94262695,2108.9375,2181.55151367,1960.45727539
2114.51025391,2107.01269531,1937.51171875,1831.72827148
2114.62426758,2108.80297852,1856.81970215,1854.66247559
2110.61767578,2106.62011719,2045.93286133,2101.7824707
2112.70532227,2109.88183594,2284.42797852,2273.17504883
2122.87353516,2122.81201172,2287.50146484,2198.72949219
2127.89208984,2127.25683594,2127.05737305,2098.97753906
2125.61523438,2115.53759766,2074.62744141,2174.21411133
2129.27026367,2108.56225586,2153.19824219,2293.81982422
2138.93408203,2118.55078125,2223.57763672,2306.81689453
2141.01977539,2129.1706543,2362.89941406,2361.60009766
2136.64868164,2128.78149414,2691.73510742,2613.97265625
2138.71582031,2127.94067383,2971.44165039,2858.21704102
2146.41040039,2133.83447266,2877.42089844,2813.67211914
2150.36376953,2138.19750977,2526.74804688,2564.87792969
2151.93994141,2135.87158203,2267.57763672,2357.45800781
2155.80322266,2132.64453125,2156.30395508,2217.04223633
2157.29663086,2132.6015625,2079.55126953,2110.34643555
2151.2421875,2131.10131836,2103.32348633,2150.29418945
2140.11499023,2121.96313477,2266.9831543,2322.04980469
2128.69506836,2107.81396484,2340.07836914,2371.05419922
2121.58276367,2100.35229492,2170.14404297,2206.37988281
2122.45507813,2105.7668457,1968.82202148,2044.45617676
2127.61108398,2114.42163086,1961.80236816,2037.55102539
2129.56713867,2115.42700195,2083.7956543,2151.02807617
2130.90893555,2114.78564453,2241.88330078,2404.90283203
2139.90625,2123.32910156,2510.89013672,2812.27563477
2151.25610352,2133.60839844,2847.30761719,3136.42431641
2149.68530273,2129.06469727,2964.05639648,3106.13110352
2133.96875,2112.03491211,2714.92163086,2783.85229492
2119.49902344,2101.49633789,2322.87036133,2428.29101563
2116.46166992,2105.12548828,2057.95141602,2160.20776367
2121.11083984,2113.54907227,1941.5793457,1998.21105957
2127.78295898,2119.5378418,1902.5715332,2007.82067871
2135.45068359,2123.57275391,1970.31152344,2183.23974609
2141.58569336,2123.14282227,2149.72802734,2351.02270508
2139.69189453,2113.82861328,2292.60546875,2363.75610352
2127.63330078,2100.35351563,2252.87646484,2262.71337891
2115.24609375,2095.26977539,2081.01098633,2164.48657227
2116.2746582,2105.41650391,1973.51647949,2130.45629883
2129.6484375,2122.82763672,2058.76074219,2192.60986328
2137.96899414,2130.75610352,2251.13085938,2336.83178711
2131.45214844,2122.01977539,2335.34936523,2428.36621094
2122.08642578,2108.90795898,2232.9074707,2329.86962891
2124.24682617,2107.58740234,2096.04223633,2100.03515625
2133.25341797,2117.30053711,2054.42285156,1938.00268555
2135.88085938,2125.49731445,2057.29150391,1995.26306152
2132.7746582,2127.64379883,2093.80712891,2293.50512695
2135.41430664,2129.22705078,2274.54321289,2623.82910156
2144.27197266,2132.58154297,2516.84692383,2571.75390625
2146.33691406,2134.3515625,2513.33178711,2036.56750488
2137.95410156,2134.37011719,2215.95874023,1612.94372559
2132.62744141,2136.02685547,1961.72790527,1867.9609375
2136.84277344,2137.42431641,1944.95715332,2384.94116211
2138.65332031,2132.74267578,1988.92736816,2301.57006836
2134.1081543,2124.96313477,1976.86645508,1692.35852051
2139.80932617,2125.7565918,2040.17553711,1485.7677002
2160.6472168,2137.33056641,2179.84545898,1965.46386719
2172.25585938,2145.65454102,2174.17260742,2342.86474609
2156.16479492,2138.26904297,2002.15515137,2074.20141602
2127.43701172,2119.36572266,1915.82910156,1675.68054199
2110.18139648,2102.65673828,1997.52526855,1768.91186523
2108.20654297,2097.39916992,2074.76586914,2093.02954102
2113.08520508,2103.75219727,2104.05712891,2098.67138672
2121.56567383,2115.27734375,2198.98486328,1955.20178223
2132.3046875,2123.51049805,2291.32055664,2176.60791016
2137.39990234,2122.49536133,2195.3112793,2517.3190918
2129.46484375,2112.02636719,1968.75549316,2158.68505859
2114.56958008,2099.34228516,1835.46594238,1173.16491699
2107.68847656,2094.39868164,1827.96166992,898.719604492
2112.43408203,2098.3215332,1811.77087402,2090.8034668
2117.0065918,2102.17700195,1754.9831543,3317.82519531
2115.4453125,2101.63989258,1734.24975586,2550.58129883
2116.30810547,2101.56103516,1767.48999023,432.321350098
2123.03540039,2102.75390625,1797.40087891,-135.547668457
2126.62597656,2101.31982422,1789.65100098,1998.93115234
2125.14941406,2102.23779297,1776.28564453,4440.99462891
2127.02124023,2112.68261719,1800.77368164,3789.7512207
2130.91088867,2124.52416992,1837.45532227,-40.4818763733
2128.35327148,2126.17578125,1840.9309082,-1945.27099609
2125.04931641,2123.76171875,1875.03344727,2303.82348633
2131.57470703,2127.90283203,2018.12866211,6989.2109375
2139.92993164,2133.22802734,2145.20458984,3794.22875977
2137.76879883,2132.09448242,2067.85693359,-1731.4296875
2132.54150391,2130.72216797,1854.55932617,494.500823975
2133.81420898,2133.734375,1700.29711914,3836.11352539
2131.58374023,2132.54052734,1593.28515625,-154.308181763
2118.54931641,2122.29931641,1453.55578613,2036.85327148
2109.31176758,2111.18530273,1398.78955078,20477.0605469
2114.67553711,2105.92016602,1524.47790527,33265.3007813
2124.13574219,2105.15356445,1684.11364746,21095.5195313
2130.04101563,2107.66601563,1764.21325684,2582.55004883
2139.37109375,2113.01245117,1842.71472168,26.1731491089
2151.51904297,2117.93457031,1898.27770996,3877.42529297
2154.21191406,2121.6640625,1760.25488281,407.556915283
2146.28393555,2127.91723633,1454.14648438,-2054.0625
2138.84277344,2136.87304688,1217.57922363,3485.99462891
2135.68603516,2143.99804688,1162.1862793,6862.78857422
2134.04418945,2149.13085938,1242.43640137,1972.12768555
2137.7512207,2158.13720703,1436.05224609,-2720.22851563
2151.10302734,2173.25830078,1650.21887207,-575.752441406
2167.18823242,2187.95385742,1666.08911133,4399.61132813
2175.76367188,2194.55004883,1465.1607666,5853.68554688
2175.39550781,2193.26049805,1342.99865723,2478.80297852
2169.84814453,2188.8269043,1461.32409668,-1640.47717285
2161.10693359,2181.58129883,1626.38977051,-1538.69946289
2152.33227539,2170.34326172,1705.03137207,3020.32373047
2149.77734375,2161.00073242,1832.69055176,6879.70117188
2155.14892578,2159.56079102,2020.3795166,5008.61816406
2160.95483398,2159.390625,2020.6439209,-1304.33398438
2159.4621582,2150.56811523,1771.37011719,-4022.53271484
2153.59204102,2138.92382813,1550.87341309,2076.01391602
2152.75195313,2138.89111328,1553.11120605,8711.35058594
2158.63012695,2149.87817383,1658.43713379,4611.04296875
2162.52124023,2156.58105469,1703.87902832,-3724.17822266
2159.03393555,2151.93969727,1722.09082031,-2421.4465332
2154.21875,2144.7265625,1848.28466797,3538.74584961
2154.44287109,2143.22973633,2078.86181641,3041.69677734
2156.22143555,2144.98730469,2187.35888672,5134.63964844
2155.90844727,2146.92285156,2012.53393555,18955.1816406
2158.92016602,2152.87817383,1769.22802734,28541.6894531
2167.36669922,2163.14746094,1754.23583984,20447.0
2171.18920898,2168.95556641,1852.70019531,7435.35351563
2165.93798828,2167.58251953,1816.78417969,1877.53771973
2164.1640625,2169.48535156,1831.33288574,-429.890014648
2173.55200195,2179.53833008,2163.54101563,-1700.52819824
2181.43847656,2187.30883789,2510.47827148,139.067703247
2176.87548828,2186.5402832,2422.29003906,2374.59936523
2168.65356445,2185.68188477,2089.24438477,7624.49902344
2167.17456055,2190.60961914,1985.19372559,20543.3945313
2169.18334961,2197.40063477,2064.56201172,28466.9453125
2171.65527344,2205.98706055,2021.32165527,18551.0683594
2178.65039063,2218.06762695,1960.83874512,4765.57128906
2186.29711914,2223.10693359,2105.42553711,3123.99487305
2183.15795898,2211.05200195,2229.37109375,3876.43823242
2170.2277832,2192.6953125,2064.20043945,-2228.50976563
2160.59082031,2184.16162109,1850.37927246,-3716.6940918
2159.46948242,2183.49682617,1884.96777344,4532.47998047
2162.80810547,2184.22216797,2010.51086426,8640.55957031
2170.82592773,2193.68188477,2066.63525391,2411.65576172
2184.68164063,2215.07958984,2236.43457031,-2949.96069336
2195.34936523,2230.46264648,2504.45678711,-220.158966064
2193.14013672,2224.35961914,2488.74926758,4723.41845703
2183.74462891,2207.81738281,2153.28100586,5230.48583984
2179.95800781,2199.04321289,1911.08654785,2053.53125
2182.22192383,2196.00268555,1847.68493652,-341.165893555
2181.96899414,2187.82226563,1685.69775391,310.977935791
2179.48413086,2178.60546875,1520.80541992,2455.34716797
2181.97070313,2178.1262207,1685.1439209,3348.5612793
2187.22387695,2180.57836914,1986.94519043,2454.53979492
2187.16601563,2175.41821289,1979.23449707,1486.57641602
2185.078125,2169.49169922,1783.47143555,1609.07177734
2189.77124023,2174.6550293,1820.07336426,2144.55615234
2195.17529297,2182.76806641,2026.93347168,2112.29199219
2187.31347656,2177.60424805,2110.11279297,1893.87609863
2169.68920898,2162.83666992,2176.14477539,2323.67651367
2159.97436523,2155.21850586,2400.57421875,2911.01538086
2163.53515625,2159.57495117,2511.75683594,2524.74633789
2170.44702148,2169.58227539,2254.35498047,1503.73681641
2175.03076172,2181.02709961,1907.2286377,1334.05725098
2179.35058594,2189.27612305,1801.61450195,2201.8425293
2182.04833984,2188.20800781,1816.17114258,2647.30566406
2181.3684082,2182.98168945,1773.91955566,1977.73937988
2184.52172852,2188.68310547,1801.68054199,1337.23059082
2198.21826172,2208.81396484,1947.34472656,1782.2487793
2214.46826172,2229.70288086,1981.95629883,2702.51513672
2219.79492188,2240.11376953,1852.65112305,2889.5234375
2213.68237305,2242.03076172,1818.24694824,2200.8840332
2205.3190918,2239.58935547,1967.37280273,1529.21984863
2198.57055664,2231.9609375,2105.26928711,1659.79040527
2193.24633789,2221.76196289,2181.58496094,2478.46313477
2193.4050293,2217.38232422,2312.59838867,3068.85571289
2200.14990234,2219.80371094,2402.14575195,2692.30419922
2204.06201172,2218.22265625,2264.17016602,1789.91503906
2198.44091797,2207.26806641,2018.67041016,1506.5526123
2190.87353516,2197.52734375,1886.31225586,2075.86425781
2188.94482422,2198.61450195,1814.41259766,2497.40405273
2186.76538086,2203.13574219,1723.00891113,2106.87792969
2179.40283203,2199.87768555,1766.55395508,1529.78100586
2176.15625,2192.26831055,1999.69116211,1614.37255859
2184.08789063,2190.19580078,2194.38867188,2220.64892578
2193.10083008,2192.40405273,2216.99658203,2586.20532227
2192.75878906,2190.98779297,2183.04785156,2386.24145508
2188.89526367,2187.34179688,2177.42333984,2000.1229248
2188.91430664,2189.6574707,2181.29736328,1891.06140137
2186.9519043,2197.12182617,2201.50805664,2000.8223877
2178.41577148,2199.90209961,2217.65283203,1969.07702637
2172.53808594,2194.92578125,2162.01904297,1863.29443359
2176.56494141,2189.77001953,2058.64941406,2100.93603516
2184.06201172,2190.38842773,1990.66174316,2483.57202148
2189.40161133,2195.43823242,1972.06945801,2208.41162109
2195.64770508,2201.73852539,2018.05603027,1342.47399902
2201.2355957,2206.60253906,2169.70141602,1239.29772949
2198.25048828,2207.43579102,2323.83862305,2544.95825195
2187.37792969,2204.01025391,2286.16162109,3678.05175781
2177.37988281,2197.30322266,2084.22973633,2708.88061523
2171.94189453,2187.58081055,1967.81994629,517.762390137
2170.9152832,2179.29003906,2029.42700195,33.5966835022
2176.07592773,2180.03198242,2081.25610352,2284.34741211
2183.93530273,2187.48828125,2004.56201172,4824.16015625
2184.49902344,2189.09326172,1958.24230957,4166.71044922
2176.22924805,2181.35107422,2064.86865234,72.58203125
2169.81030273,2175.25024414,2168.09643555,-2197.21264648
2170.79785156,2176.68188477,2162.22973633,2089.32714844
2171.21191406,2176.79370117,2235.15283203,7312.07275391
2164.20800781,2168.68066406,2455.04980469,4435.04882813
2155.61206055,2160.43554688,2514.07177734,-1601.8470459
2153.54931641,2162.52856445,2250.87768555,-145.633132935
2156.00097656,2170.91894531,1977.90100098,3282.40185547
2157.84790039,2173.70410156,1947.19934082,198.044006348
2161.97314453,2170.0871582,1979.70532227,2800.8293457
2171.67407227,2169.71020508,1900.91003418,20503.6308594
2179.55297852,2174.14916992,1844.49780273,32507.1308594
2177.20581055,2173.88989258,1909.08862305,20700.2539063
2169.22412109,2166.01855469,1958.54614258,3071.06469727
2165.13500977,2159.92285156,1912.20349121,476.821228027
2164.08398438,2159.85668945,1885.30847168,3473.14453125
2158.47753906,2155.76660156,1946.76452637,-231.223892212
2147.92871094,2141.47460938,1985.71081543,-1953.86804199
2140.89916992,2130.46704102,1905.74023438,4079.18505859
2143.21386719,2137.7902832,1802.6003418,7099.45166016
2150.22509766,2154.12353516,1832.96020508,1970.29577637
2154.12866211,2158.64916992,1977.1854248,-2208.00512695
2155.76879883,2151.83569336,2088.87744141,228.997589111
2160.59521484,2150.29370117,2136.15893555,4404.2265625
2165.86547852,2155.15478516,2181.50097656,5001.17675781
2165.21386719,2154.75366211,2178.36132813,2360.53369141
2162.60766602,2152.02246094,2057.33764648,40.2167892456
2164.88916016,2157.80004883,1930.8026123,494.859039307
2165.34179688,2164.52832031,1934.7713623,2658.75952148
2154.99780273,2158.26269531,2014.47558594,3572.59619141
2144.08984375,2147.91210938,2099.26098633,2487.81542969
2148.61083984,2151.52636719,2242.30395508,1458.78796387
2162.30175781,2163.82299805,2413.97070313,1836.53466797
2168.05102539,2167.64526367,2472.00463867,2674.19360352
2168.33813477,2165.43847656,2413.22680664,2757.71044922
2174.72607422,2168.34204102,2332.53735352,2306.56103516
2178.36547852,2167.99047852,2204.78564453,2047.85681152
2165.34985352,2152.20385742,2010.83398438,1998.21520996
2149.20166016,2134.36181641,1877.91796875,1833.52392578
2150.85668945,2133.50610352,1860.53930664,1655.10754395
2160.04003906,2141.02856445,1860.63696289,1823.94238281
2154.87939453,2140.18115234,1871.12084961,2296.92041016
2143.64599609,2139.12353516,1979.84240723,2531.63012695
2147.67749023,2151.04272461,2142.83105469,2214.28393555
2160.16333008,2163.3503418,2241.39892578,1811.84179688
2160.29296875,2159.05932617,2268.16601563,1961.47229004
2151.45629883,2146.71337891,2269.88989258,2497.83007813
2150.30541992,2141.65478516,2257.97949219,2666.90991211
2153.63842773,2139.88574219,2246.68261719,2220.99829102
2147.01269531,2132.09130859,2231.78173828,1735.57836914
2132.95605469,2122.56079102,2165.22851563,1775.18322754
2125.50561523,2118.90405273,2051.59545898,2159.88964844
2127.59521484,2120.70874023,1973.50109863,2301.36352539
2131.82348633,2125.66601563,1992.84301758,2078.30175781
2134.01391602,2131.97412109,2143.88598633,1981.70703125
2135.63696289,2135.26782227,2466.49487305,2342.28735352
2140.92114258,2135.72021484,2885.15673828,2852.56616211
2152.0078125,2139.92578125,3125.52441406,3029.08178711
2159.9465332,2145.72070313,2945.57324219,2764.47167969
2151.85498047,2141.55810547,2447.17822266,2282.48242188
2133.97167969,2129.15283203,1997.17907715,1869.18017578
2126.17724609,2123.53027344,1816.56286621,1714.6920166
2128.99243164,2125.26831055,1813.42785645,1799.69311523
2126.20581055,2121.63671875,1844.37341309,1938.21118164
2120.38769531,2116.63012695,1900.26574707,1994.99865723
2127.81323242,2125.99926758,1965.23754883,1970.00585938
2141.19604492,2143.72460938,1965.41442871,1913.9050293
2138.296875,2147.65136719,1948.02929688,1895.27075195
2122.24365234,2134.41381836,2049.359375,1969.00183105
2115.90942383,2119.46240234,2229.01318359,2086.05029297
2123.96508789,2110.90112305,2287.80566406,2129.68530273
2130.85180664,2105.98388672,2163.25488281,2058.37524414
2128.2355957,2102.78833008,1992.05615234,1936.02172852
2123.01855469,2100.99121094,1914.41650391,1869.68334961
2123.203125,2100.26025391,1980.16296387,1944.50512695
2127.04980469,2101.25317383,2163.40820313,2120.75854492
2126.43725586,2101.17749023,2343.23266602,2221.54833984
2119.94433594,2095.50878906,2378.63867188,2147.86303711
2117.54516602,2089.87524414,2284.11303711,2026.7746582
2125.25170898,2096.12915039,2203.99731445,2008.91662598
2133.66845703,2112.22387695,2188.94799805,2051.89624023
2134.08227539,2123.97021484,2170.52832031,2062.2644043
2134.96875,2129.21826172,2159.70703125,2081.32373047
2146.59326172,2138.8996582,2250.703125,2150.25854492
2160.46679688,2152.28662109,2399.5480957,2173.20898438
2162.44677734,2155.85302734,2426.48413086,2089.3034668
2156.60595703,2149.94018555,2295.69287109,1996.5970459
2156.67773438,2150.9296875,2183.32714844,1968.96057129
2161.29077148,2163.09765625,2198.4152832,1949.12438965
2157.93359375,2173.54736328,2240.59204102,1916.83764648
2146.99194336,2176.97216797,2232.80786133,1947.90539551
2142.00439453,2179.98046875,2283.52758789,2041.65283203
2147.54321289,2181.72167969,2456.54296875,2096.34008789
2154.20703125,2175.41796875,2577.16308594,2087.15429688
2155.40307617,2165.81933594,2488.53613281,2081.484375
2154.77880859,2162.90844727,2336.97949219,2087.1262207
2156.44287109,2164.93481445,2353.171875,2066.84472656
2158.7722168,2165.36669922,2491.26025391,2066.16040039
2159.48608398,2165.88793945,2544.85864258,2141.63793945
2159.53198242,2167.87060547,2486.02636719,2211.24926758
2159.19921875,2163.60839844,2428.07250977,2163.90063477
2154.79101563,2149.29394531,2379.71630859,2059.0144043
2143.63891602,2135.78686523,2282.70507813,2027.37695313
2130.70336914,2134.76660156,2186.48510742,2052.5949707
2124.86206055,2142.55126953,2179.62207031,2046.99938965
2129.10717773,2148.81445313,2236.51367188,2042.12268066
2139.23364258,2154.15014648,2277.29907227,2103.06542969
2149.95898438,2164.625,2288.8425293,2167.25097656
2156.53051758,2173.7121582,2291.75830078,2149.73388672
2154.06860352,2168.22314453,2276.95068359,2087.84448242
2142.42919922,2151.35864258,2238.53491211,2044.85400391
2128.89453125,2140.2265625,2211.38891602,2010.3626709
2121.08813477,2139.81225586,2244.08740234,1991.08068848
2120.10131836,2138.91967773,2347.80859375,2040.47473145
2122.46044922,2132.31811523,2461.93969727,2126.85302734
2124.49682617,2127.73583984,2487.43359375,2136.40356445
2123.56933594,2129.38989258,2390.6706543,2059.13110352
2118.79614258,2130.76269531,2235.71582031,2002.94421387
2112.22167969,2127.11621094,2092.44873047,1996.91955566
2108.6953125,2124.65332031,1999.37902832,1979.41845703
2113.47192383,2132.00805664,2017.08996582,1987.7935791
2126.27441406,2146.11889648,2170.09423828,2105.08447266
2137.09741211,2152.81005859,2329.16650391,2217.17871094
2134.59155273,2144.31860352,2325.19433594,2132.14404297
2120.75854492,2130.08178711,2188.2199707,1933.19152832
2109.15869141,2123.70629883,2103.68701172,1879.84851074
2106.83764648,2125.93554688,2138.25854492,2003.05725098
2108.66699219,2129.36303711,2167.3918457,2117.453125
2110.93457031,2133.17504883,2078.5859375,2139.20556641
2116.57006836,2141.42382813,1940.81201172,2133.70166016
2123.60668945,2150.11450195,1928.27429199,2171.59814453
2123.67504883,2149.05664063,2067.51000977,2258.30664063
2117.44335938,2138.66601563,2149.92211914,2290.41772461
2116.90625,2132.81762695,2043.80163574,2165.12255859
2125.86938477,2138.51049805,1934.75134277,2004.35717773
2132.76464844,2144.8503418,1982.96887207,1989.05004883
2130.64331055,2142.49731445,2033.39245605,2027.28259277
2129.30810547,2140.16870117,2046.55114746,2031.46313477
2137.40209961,2147.3972168,2337.01489258,2249.13525391
2146.99023438,2156.15917969,2898.05297852,2726.43603516
2148.34838867,2156.85595703,3123.16674805,2926.53833008
2146.2980957,2156.28955078,2734.37304688,2541.97753906
2147.90771484,2161.59570313,2275.29516602,2063.00146484
2147.8269043,2163.74145508,2208.7277832,1957.54052734
2141.31518555,2155.24145508,2293.37451172,2027.39416504
2137.37548828,2146.19848633,2231.55834961,2015.66821289
2142.20239258,2145.38525391,2162.69702148,2056.81176758
2144.88891602,2144.109375,2215.95654297,2214.27294922
2136.47265625,2135.10888672,2233.3515625,2280.55029297
2126.45483398,2128.19335938,2140.47119141,2200.44067383
2124.83666992,2131.77832031,2103.4519043,2157.45068359
2126.54418945,2137.72167969,2208.50024414,2226.15551758
2126.85424805,2137.93457031,2306.74389648,2294.64868164
2131.25976563,2137.57421875,2238.86791992,2259.88085938
2139.20214844,2140.32226563,2050.9519043,2131.45117188
2139.77050781,2138.85058594,1936.72265625,2037.86950684
2131.68896484,2130.45825195,1994.79724121,2115.21166992
2127.07666016,2125.38012695,2103.22363281,2297.89306641
2131.1394043,2129.87915039,2109.03955078,2383.97192383
2137.00390625,2135.7668457,2060.74511719,2362.06958008
2141.12524414,2135.40576172,2083.74658203,2375.34326172
2146.57373047,2134.28466797,2121.7434082,2373.95751953
2152.85107422,2140.37597656,2054.22119141,2228.76318359
2156.79956055,2151.75976563,1962.44152832,2099.07885742
2160.59448242,2162.71240234,1979.55847168,2185.68701172
2168.05761719,2172.73388672,2032.62487793,2321.37670898
2176.06079102,2181.39013672,2053.27612305,2323.30615234
2176.94018555,2182.73608398,2188.8203125,2382.7043457
2168.39990234,2174.39624023,2450.45458984,2593.15527344
2157.11352539,2164.93310547,2505.26391602,2624.43383789
2150.64428711,2161.99829102,2195.78125,2338.71728516
2148.09277344,2160.67675781,1850.79858398,2094.58154297
2144.75708008,2154.84521484,1746.03918457,2088.90136719
2143.15844727,2150.80761719,1750.27612305,2107.18212891
2147.734375,2155.70922852,1764.89135742,2104.15307617
2152.53613281,2162.67236328,1918.86254883,2259.15258789
2150.66845703,2163.48266602,2118.27099609,2425.18212891
2149.67724609,2164.40771484,2050.57739258,2297.6394043
2157.85693359,2171.80493164,1781.54589844,2027.60522461
2165.61450195,2175.97827148,1703.89770508,1963.15222168
2162.52758789,2168.703125,1870.6583252,2041.61279297
2158.74487305,2161.25195313,2017.82458496,2063.92553711
2166.63183594,2165.19726563,2131.77954102,2159.32836914
2177.55078125,2171.41357422,2349.2175293,2400.20947266
2178.06054688,2166.92431641,2499.86279297,2463.56933594
2172.38867188,2157.30102539,2356.28393555,2196.90478516
2170.61547852,2155.11499023,2081.49365234,1959.51367188
2169.83886719,2158.2253418,1931.1796875,1980.2956543
2162.83276367,2155.03466797,1847.9954834,2010.45727539
2154.23583984,2144.79101563,1747.58789063,1940.32189941
2154.20922852,2138.80517578,1793.4140625,2041.63464355
2161.48535156,2141.6081543,2035.84301758,2315.57861328
2164.95556641,2143.99487305,2188.9296875,2354.52929688
2161.03149414,2140.16870117,2064.90820313,2089.14599609
2157.0090332,2137.83691406,1866.45629883,1935.19494629
2155.62011719,2141.9855957,1829.82568359,2051.05712891
2151.35595703,2144.6171875,1922.65625,2167.97924805
2145.56713867,2141.39672852,2061.52050781,2206.17944336
2147.17822266,2140.44580078,2292.72949219,2361.52661133
2155.05688477,2145.43334961,2592.99462891,2591.52685547
2159.36035156,2149.1965332,2769.45776367,2631.65966797
2159.84741211,2148.94018555,2696.0690918,2455.80517578
2161.67138672,2148.81640625,2454.69604492,2255.51977539
2159.56616211,2148.37036133,2193.87988281,2115.68481445
2149.15576172,2145.36425781,2002.08789063,2020.63684082
2142.4230957,2143.79931641,1907.24511719,1980.73779297
2148.76513672,2145.60888672,1904.55041504,2001.14160156
2156.09106445,2144.83105469,2016.67932129,2092.88623047
2152.67553711,2139.90356445,2292.94287109,2277.70922852
2148.35668945,2138.27905273,2653.11450195,2470.59326172
2152.34008789,2141.25317383,2857.1496582,2532.82714844
2152.42089844,2139.2890625,2770.89428711,2462.31030273
2139.25,2129.33227539,2516.67163086,2322.12133789
2128.07983398,2121.41064453,2269.49902344,2115.03955078
2132.63378906,2121.09814453,2083.06274414,1912.6217041
2139.77319336,2120.49438477,1963.8013916,1846.10095215
2133.39526367,2113.66552734,1947.53735352,1893.89624023
2122.48901367,2106.77685547,2060.25097656,1988.90209961
2123.2121582,2106.04638672,2246.05859375,2185.77099609
2131.34399414,2107.76464844,2333.93334961,2387.25170898
2133.00854492,2105.8996582,2191.29125977,2303.74658203
2128.96264648,2101.13500977,1960.50952148,1998.66149902
2130.26855469,2098.76049805,1905.45910645,1891.18029785
2137.52612305,2100.99047852,2007.49609375,2038.0793457
2139.59057617,2103.20385742,2080.37792969,2142.35449219
2132.51123047,2100.82128906,2203.72387695,2247.75610352
2127.12915039,2098.32373047,2516.35400391,2558.66308594
2131.28076172,2101.36669922,2728.21582031,2761.76391602
2135.84301758,2103.06274414,2477.01538086,2456.63818359
2131.09863281,2094.81274414,1997.48632813,1964.23510742
2125.65234375,2085.30273438,1789.73059082,1832.79016113
2131.77148438,2087.65234375,1857.66821289,1961.44067383
2142.79736328,2095.51757813,1903.38415527,2002.1763916
2144.42919922,2094.31323242,1953.73864746,2075.17431641
2138.52197266,2086.41650391,2146.71923828,2337.63696289
2136.56420898,2083.87109375,2240.44335938,2458.2121582
2138.05053711,2086.61450195,1973.04016113,2207.47680664
2134.2019043,2087.82495117,1590.05480957,1951.20043945
2127.74267578,2091.52954102,1466.35400391,2005.2722168
2129.83740234,2105.37548828,1556.54943848,2157.34326172
2138.25927734,2121.1796875,1671.95397949,2227.92138672
2138.48144531,2122.2824707,1870.09179688,2380.70800781
2129.38012695,2109.72241211,2159.58349609,2586.54516602
2125.67773438,2100.67675781,2279.06152344,2525.96044922
2130.07592773,2099.41162109,2115.46948242,2207.70410156
2129.83666992,2094.85351563,1904.5994873,1990.83679199
2125.80126953,2089.20336914,1816.8762207,1969.01733398
2131.9909668,2096.66894531,1791.38220215,1962.9744873
2143.44433594,2111.04125977,1833.0559082,1989.31091309
2141.97753906,2112.0690918,2009.68933105,2161.36816406
2132.27758789,2103.828125,2192.05761719,2339.66796875
2132.16870117,2105.57470703,2208.92651367,2346.79223633
2136.09423828,2111.52197266,2135.60839844,2269.80126953
2129.63793945,2104.76220703,2114.10766602,2235.7878418
2123.41552734,2096.78564453,2111.85107422,2201.99780273
2131.89282227,2105.60131836,2093.57568359,2159.10791016
2141.76831055,2115.81616211,2144.6394043,2199.99267578
2138.23779297,2108.00439453,2257.77661133,2286.98413086
2133.91772461,2099.30566406,2295.77905273,2279.8125
2140.02075195,2108.66845703,2249.45532227,2204.42700195
2142.23120117,2117.06689453,2240.79614258,2183.07055664
2132.79516602,2106.46972656,2268.31005859,2173.2512207
2131.13183594,2097.70385742,2239.10351563,2083.27587891
2147.8659668,2108.34790039,2203.15478516,2013.36425781
2162.71313477,2117.2109375,2278.40332031,2084.14868164
2159.83178711,2107.99121094,2412.41650391,2185.52636719
2152.78881836,2102.00585938,2453.99560547,2163.75195313
2154.7253418,2114.31225586,2381.22192383,2085.12451172
2154.83178711,2123.72265625,2278.37768555,2079.48095703
2144.90600586,2115.46630859,2188.13647461,2097.99829102
2140.10180664,2108.60717773,2130.96337891,2044.46032715
2150.56542969,2116.17016602,2158.57006836,1990.91296387
2158.66845703,2120.69897461,2260.43286133,2044.75854492
2148.91162109,2110.97851563,2316.83178711,2120.04833984
2136.95507813,2104.41894531,2255.14916992,2071.22338867
2143.27026367,2114.37817383,2163.58935547,1964.29223633
2159.35522461,2128.39282227,2151.21166992,1962.70178223
2166.55200195,2133.83789063,2196.95776367,2036.70471191
2167.76245117,2136.203125,2240.92016602,2067.25683594
2172.60253906,2139.58203125,2296.59863281,2108.96289063
2171.77661133,2135.85229492,2354.23461914,2237.18847656
2156.21166992,2124.99975586,2326.3671875,2312.38623047
2141.60522461,2121.53271484,2209.37646484,2214.0168457
2144.37304688,2130.19067383,2119.4765625,2077.47631836
2154.10791016,2138.62280273,2080.78149414,2030.87963867
2156.12133789,2140.93383789,2005.41149902,2000.81530762
2156.18237305,2143.29223633,1925.11181641,1971.89501953
2160.06860352,2143.62207031,1961.9909668,2062.64477539
2158.4621582,2134.6862793,2067.88549805,2219.66992188
2151.52075195,2126.65405273,2093.61010742,2240.66821289
2156.01196289,2135.44213867,2064.43945313,2144.49047852
2173.87426758,2153.21899414,2087.06982422,2115.81005859
2186.37182617,2161.20947266,2107.79736328,2133.97460938
2186.54516602,2161.03491211,2064.32275391,2068.86230469
2185.57910156,2163.71411133,2092.41503906,2024.09130859
2186.34545898,2164.06079102,2277.74682617,2156.27612305
2180.58374023,2153.81762695,2414.94165039,2303.25952148
2169.89257813,2141.89550781,2315.88330078,2218.62670898
2164.7355957,2139.53320313,2143.48535156,2008.87280273
2166.32592773,2143.48071289,2139.00170898,1932.69946289
2167.49389648,2147.64526367,2230.09814453,1966.24230957
2167.09423828,2153.79150391,2223.00366211,1956.63452148
2170.66259766,2163.3737793,2181.8059082,1974.56567383
2179.59521484,2172.67211914,2274.40283203,2127.16796875
2187.76953125,2177.5378418,2411.53344727,2246.94042969
2188.38256836,2175.13818359,2401.14233398,2136.75512695
2181.21704102,2166.10546875,2328.45800781,1940.05126953
2173.44677734,2158.53149414,2421.70605469,1939.2175293
2172.45483398,2160.32202148,2638.15771484,2116.234375
2176.51757813,2166.83911133,2716.26000977,2204.60522461
2176.640625,2167.59619141,2580.82739258,2111.31323242
2170.50024414,2162.83276367,2419.6809082,2006.10656738
2166.13427734,2159.61791992,2377.03564453,1983.00354004
2166.67480469,2156.22705078,2390.09228516,1933.77661133
2165.23413086,2147.76953125,2367.67602539,1849.69592285
2162.03759766,2141.72851563,2374.83764648,1919.44787598
2166.78955078,2146.8347168,2519.0769043,2158.74365234
2175.94506836,2152.72241211,2715.47192383,2286.76708984
2172.68041992,2144.44750977,2743.99584961,2172.05029297
2156.95849609,2129.32470703,2562.42749023,2040.63818359
2147.80786133,2124.36376953,2376.76708984,2056.71533203
2151.3034668,2128.24121094,2353.91918945,2097.84741211
2155.67919922,2130.88647461,2441.98022461,2102.10473633
2158.70629883,2135.58984375,2515.6081543,2191.83251953
2169.00415039,2146.26977539,2533.36865234,2320.77856445
2181.21777344,2150.54907227,2509.7421875,2263.48120117
2179.95068359,2139.91186523,2449.4855957,2048.62255859
2167.04980469,2128.59423828,2343.62280273,1940.74108887
2158.6784668,2131.42504883,2197.5222168,1970.08007813
2159.00927734,2141.90576172,2074.06787109,1957.6887207
2160.41967773,2149.3684082,2077.24511719,1954.04162598
2163.12646484,2156.44897461,2218.77514648,2130.19628906
2171.77368164,2164.17700195,2344.54760742,2318.93945313
2180.06933594,2162.68334961,2312.7043457,2218.80883789
2179.58374023,2151.65087891,2202.8515625,1962.37854004
2175.68212891,2147.82910156,2187.33520508,1932.06994629
2177.75097656,2159.15356445,2247.80761719,2123.66796875
2183.35327148,2172.36987305,2242.65112305,2224.62304688
2185.27441406,2176.13867188,2200.22827148,2182.50830078
2183.54833984,2175.20385742,2264.12304688,2185.32788086
2181.21875,2174.06494141,2385.00463867,2226.70043945
2178.43505859,2168.03393555,2355.73413086,2144.29052734
2175.58642578,2157.62255859,2133.51196289,1960.5604248
2173.67553711,2152.45239258,1902.35534668,1855.4309082
2171.05859375,2154.7902832,1835.64526367,1908.12329102
2166.13500977,2155.64794922,1915.31872559,2029.05493164
2160.69897461,2151.24902344,1979.33447266,2075.21630859
2157.11669922,2148.36962891,1960.46142578,2045.43701172
2156.47241211,2150.36865234,2020.57055664,2142.65258789
2159.58300781,2151.75097656,2257.89868164,2426.63037109
2164.06323242,2149.2644043,2408.77978516,2542.54150391
2163.37109375,2146.69018555,2209.65820313,2220.02783203
2156.23583984,2147.32958984,1879.65136719,1804.75634766
2151.67651367,2150.87133789,1769.38452148,1740.19641113
2155.9699707,2156.40795898,1781.22998047,1876.6048584
2162.62255859,2161.80957031,1674.73779297,1903.99267578
2164.90014648,2163.65380859,1624.24243164,1988.79956055
2167.15112305,2161.72485352,1885.58666992,2333.09887695
2173.13891602,2158.88842773,2224.0480957,2620.91186523
2176.79321289,2156.06469727,2241.79345703,2518.88696289
2174.42358398,2152.31152344,2006.20422363,2245.62841797
2170.8371582,2147.69018555,1861.25061035,2142.43994141
2166.57910156,2142.42895508,1858.14306641,2137.5690918
2156.32324219,2137.05419922,1816.4465332,2044.78234863
2143.76464844,2134.39331055,1743.42468262,1962.94104004
2140.64086914,2136.76098633,1774.18518066,2015.94238281
2149.30395508,2142.40380859,1847.93713379,2069.48071289
2160.55810547,2148.38012695,1817.62402344,2011.2989502
2166.67651367,2152.79272461,1746.15368652,1967.37036133
2165.48632813,2152.2722168,1771.29626465,2014.48730469
2157.23632813,2145.01879883,1846.76293945,2054.82739258
2146.88305664,2137.50292969,1902.07983398,2117.03564453
2143.32739258,2137.89379883,2022.30041504,2329.66503906
2148.86035156,2142.47485352,2204.73681641,2527.84399414
2154.33276367,2140.67016602,2242.47851563,2415.3515625
2150.39916992,2132.79833984,2093.12304688,2115.90625
2139.6472168,2128.82055664,1999.04467773,1995.41845703
2131.63964844,2130.55249023,2043.90466309,2038.5904541
2128.66894531,2130.49389648,2029.81848145,1999.9465332
2125.66430664,2127.74658203,1944.55957031,1966.32983398
2123.80908203,2129.50537109,2021.22570801,2130.02612305
2130.20922852,2136.11132813,2205.11694336,2268.04199219
2141.28735352,2138.87231445,2154.16674805,2099.54394531
2144.53686523,2134.94335938,1879.80895996,1866.36328125
2141.47143555,2133.34594727,1769.16760254,1932.58728027
2147.25073242,2142.47143555,1913.97790527,2148.98535156
2161.47021484,2157.35913086,2060.47973633,2208.37524414
2163.89086914,2163.69555664,2204.79223633,2221.20336914
2147.55883789,2154.48266602,2540.24755859,2352.95703125
2131.40722656,2138.43652344,2873.44165039,2360.01342773
2129.97241211,2127.43676758,2818.83007813,2069.79492188
2133.91943359,2122.08129883,2494.22802734,1822.49597168
2131.94140625,2119.37988281,2330.45800781,1895.87548828
2130.5324707,2125.33886719,2343.47924805,2031.99108887
2137.41430664,2142.66674805,2270.45117188,2000.63085938
2142.48779297,2154.81835938,2182.45214844,2010.78369141
2133.25073242,2144.26855469,2269.94580078,2148.39624023
2118.11572266,2120.23095703,2328.30175781,2107.99145508
2115.05957031,2106.2746582,2135.70825195,1859.77746582
2123.30981445,2106.91723633,1967.56591797,1834.32397461
2126.24560547,2108.31787109,2117.98803711,2137.3894043
2119.68432617,2105.71533203,2375.45581055,2354.99047852
2116.90405273,2107.59765625,2491.12719727,2329.14086914
2124.59326172,2115.05151367,2591.59350586,2326.70458984
2132.85375977,2117.19042969,2722.77880859,2368.87158203
2133.28613281,2109.33837891,2653.52099609,2199.83959961
2130.76293945,2100.60107422,2407.56762695,1898.2322998
2131.12231445,2099.48022461,2287.52954102,1784.58776855
2130.83349609,2103.69799805,2275.03027344,1844.51159668
2126.35986328,2108.62060547,2126.09838867,1856.46582031
2122.65698242,2115.61889648,1972.44177246,1855.39318848
2124.63061523,2126.54321289,2097.76147461,1962.72460938
2128.88330078,2137.03710938,2347.37231445,2062.59863281
2130.46118164,2140.76025391,2454.14233398,2046.96679688
2130.56152344,2137.33666992,2579.79907227,2046.7467041
2132.77880859,2133.21411133,2880.22436523,2143.10498047
2137.69018555,2134.65551758,3029.02856445,2215.17114258
2143.49902344,2140.30444336,2802.27807617,2238.04150391
2146.91748047,2142.51464844,2577.2980957,2327.41992188
2144.11621094,2136.91381836,2671.14233398,2409.70117188
2136.17016602,2127.55224609,2780.98022461,2285.33105469
2130.96557617,2121.40356445,2588.85498047,2033.49450684
2133.92041016,2121.1640625,2297.34643555,1908.19848633
2140.15454102,2124.42724609,2144.39990234,1899.60400391
2142.08691406,2128.0234375,2019.27709961,1850.07824707
2141.03540039,2132.7956543,1875.21801758,1848.05566406
2143.45043945,2142.2734375,1899.36401367,2028.96557617
2148.828125,2155.17431641,2065.04345703,2199.44140625
2151.47875977,2164.79467773,2092.55053711,2143.23413086
2152.07104492,2168.53173828,1935.94775391,2042.94995117
2154.94091797,2169.28417969,1807.12805176,2136.9855957
2155.85400391,2165.453125,1788.07006836,2277.62182617
2147.64013672,2152.31225586,1851.49291992,2274.52197266
2136.26342773,2135.61572266,2056.30566406,2293.93164063
2134.22583008,2128.79711914,2347.13012695,2475.06567383
2139.74511719,2133.17260742,2451.87304688,2567.34204102
2139.97924805,2135.74609375,2270.73339844,2367.08520508
2132.81518555,2130.54736328,2033.8638916,2094.50805664
2128.51269531,2127.46142578,1909.86669922,1997.71508789
2131.8269043,2134.33837891,1838.26501465,2000.1907959
2137.6887207,2144.11572266,1803.19116211,1972.76831055
2142.64868164,2147.52392578,1877.21533203,1962.91040039
2147.37817383,2146.43701172,2006.27587891,2022.19458008
2149.13745117,2145.49316406,2080.12231445,2100.921875
2143.64770508,2142.0847168,2129.13989258,2138.05908203
2134.92749023,2135.06958008,2215.39331055,2105.20947266
2132.5715332,2131.85986328,2282.59130859,2033.68200684
2136.96313477,2135.52270508,2271.70361328,2006.58056641
2137.52832031,2136.07617188,2212.7878418,2018.31604004
2129.30908203,2125.69140625,2128.51660156,1970.27844238
2120.09619141,2111.9543457,2021.46374512,1896.30773926
2116.80273438,2106.61523438,1968.59680176,1956.55102539
2117.79467773,2111.30151367,2051.27490234,2137.3984375
2122.64819336,2121.16625977,2187.78662109,2222.56176758
2133.45214844,2132.13989258,2194.015625,2111.88037109
2143.39550781,2139.6875,2042.81188965,1960.83251953
2142.82763672,2140.68945313,1940.36010742,1974.6229248
2137.60473633,2139.40063477,2056.51025391,2147.88452148
2140.90209961,2142.40820313,2254.94946289,2235.16210938
2149.72338867,2148.44946289,2261.64404297,2074.83422852
2151.78344727,2152.3112793,2079.34790039,1891.04064941
2148.86376953,2154.59863281,1972.24328613,1969.73864746
2150.27416992,2158.12353516,2023.77807617,2146.390625
2152.92871094,2161.06494141,2082.70922852,2134.95922852
2149.96386719,2162.39428711,2184.68701172,2152.55297852
2147.16625977,2165.39111328,2515.87841797,2476.47167969
2151.02636719,2168.56567383,2881.94824219,2703.3815918
2153.89624023,2164.40722656,2838.53417969,2382.49121094
2148.609375,2153.61523438,2463.2890625,1969.52819824
2144.02050781,2147.76123047,2322.93017578,2105.50073242
2149.50366211,2151.46044922,2571.42407227,2458.43579102
2156.69750977,2154.53295898,2774.76000977,2363.87890625
2152.74316406,2147.78076172,2683.77954102,2013.05761719
2140.7590332,2134.828125,2487.44482422,1940.03369141
2131.76635742,2123.2800293,2307.06445313,1993.22167969
2127.05566406,2115.56225586,2104.85424805,1825.35778809
2124.06884766,2113.39770508,2030.55444336,1730.36450195
2127.65942383,2119.87402344,2250.10498047,2059.21606445
2139.2980957,2131.43994141,2534.55444336,2427.13964844
2148.20507813,2138.31933594,2536.41430664,2336.02905273
2147.76220703,2137.38427734,2310.97924805,2023.49487305
2146.17724609,2134.875,2133.48071289,1964.78112793
2150.66088867,2135.42260742,2054.20703125,2081.87402344
2157.6105957,2139.24389648,2031.76086426,2117.7019043
2163.24462891,2147.3190918,2178.93530273,2227.98364258
2166.84130859,2157.38110352,2481.12915039,2546.54003906
2164.78393555,2161.34545898,2619.21533203,2725.89135742
2156.57666016,2157.96948242,2427.92773438,2509.65869141
2149.89477539,2157.18066406,2168.52856445,2200.61035156
2149.45776367,2162.80981445,2075.37475586,2097.49584961
2152.32617188,2166.49462891,2042.39099121,2073.82470703
2157.77124023,2165.51538086,1963.20605469,2018.47583008
2167.22900391,2168.0168457,1952.66918945,2057.5065918
2176.08081055,2175.12817383,2079.49536133,2191.46508789
2178.77368164,2176.57373047,2231.13549805,2266.16137695
2176.4987793,2168.73828125,2283.91381836,2245.94873047
2171.84619141,2161.65527344,2182.66992188,2136.45629883
2165.06469727,2163.63842773,1968.98352051,1922.96618652
2158.24633789,2169.65014648,1831.05688477,1767.56103516
2153.72851563,2170.26635742,1903.51171875,1846.19189453
2150.84790039,2166.22387695,2074.66625977,2041.88476563
2150.56494141,2165.71533203,2244.078125,2221.96240234
2155.38183594,2168.72827148,2498.09472656,2482.57519531
2161.66479492,2166.47509766,2750.77734375,2738.73754883
2162.71240234,2158.71850586,2668.24658203,2641.99414063
2159.18994141,2155.94946289,2251.98901367,2222.09130859
2155.88867188,2159.60644531,1956.6184082,1946.32836914
2151.69995117,2157.54638672,1983.86938477,1971.16430664
2143.51806641,2145.16796875,2054.6628418,2025.17956543
2136.56713867,2134.32324219,2027.17980957,2027.84411621
2140.62719727,2134.92260742,2082.02905273,2123.06176758
2155.67211914,2141.40869141,2205.71582031,2218.02587891
2168.7800293,2143.37231445,2155.19262695,2133.73974609
2169.36987305,2139.63037109,1969.15124512,2012.38659668
2161.78417969,2136.01733398,1909.86804199,2052.76586914
2156.0690918,2135.6940918,1976.08105469,2153.58911133
2153.6862793,2138.30200195,2020.27758789,2222.00317383
2152.73632813,2145.1550293,2129.20019531,2395.83227539
2157.39697266,2157.08764648,2369.28100586,2635.38671875
2168.15454102,2168.29760742,2481.87304688,2632.87573242
2173.44335938,2170.55249023,2300.85351563,2376.11816406
2165.35668945,2162.93408203,2068.78369141,2196.95239258
2152.48925781,2151.17724609,1978.07495117,2139.24682617
2145.9465332,2140.72729492,1902.52111816,1980.51342773
2145.68652344,2135.86987305,1830.85095215,1865.6348877
2148.47998047,2139.5078125,1961.77429199,2103.95678711
2154.57714844,2148.25756836,2197.27319336,2440.77099609
2161.40771484,2154.26367188,2180.17919922,2391.43188477
2164.48608398,2155.57495117,1926.78015137,2101.59472656
2165.52075195,2157.70141602,1806.75317383,2035.9197998
2167.8112793,2162.93261719,1917.09851074,2147.79150391
2168.02612305,2166.59912109,2066.0246582,2170.02807617
2163.87036133,2166.69238281,2239.37329102,2264.72509766
2162.44824219,2168.61254883,2502.89990234,2597.21655273
2170.39257813,2175.85546875,2652.60742188,2796.10595703
2182.69262695,2182.90942383,2498.20556641,2552.10546875
2188.62353516,2182.41748047,2229.42553711,2190.53466797
2183.37524414,2174.48876953,2076.02197266,2074.25561523
2170.89575195,2164.92480469,1978.65820313,2067.83178711
2158.67114258,2157.50341797,1914.54968262,2029.96142578
2150.34277344,2150.76538086,2045.99841309,2133.06616211
2145.29345703,2142.34521484,2300.20336914,2353.41259766
2146.24511719,2136.04736328,2362.7878418,2356.06152344
2156.66455078,2139.35131836,2223.68481445,2117.45166016
2167.53564453,2149.84692383,2159.66357422,1992.85314941
2165.12719727,2154.55737305,2206.63012695,2092.97900391
2155.5715332,2150.5456543,2234.9050293,2231.53271484
2157.4375,2150.32226563,2358.06469727,2402.3137207
2168.80078125,2156.6862793,2668.51757813,2681.57519531
2170.79931641,2154.06567383,2856.51342773,2847.0324707
2161.74609375,2137.46777344,2648.40039063,2668.55664063
2156.87036133,2125.29956055,2274.29785156,2329.03076172
2159.24584961,2130.27978516,2056.52050781,2113.50268555
2159.52612305,2141.82885742,1965.9621582,2023.00305176
2157.40869141,2148.08569336,1922.49719238,2004.8482666
2160.67333984,2152.90673828,2021.17529297,2123.47143555
2169.89013672,2162.03613281,2191.89160156,2284.28149414
2177.15185547,2169.89453125,2161.00073242,2246.59228516
2174.85717773,2168.26147461,1933.18688965,2028.03222656
2164.12084961,2159.90527344,1816.44934082,1889.82983398
2156.79663086,2157.40698242,1918.17980957,1946.03625488
2161.1940918,2166.77441406,2103.76269531,2150.48925781
2169.05419922,2177.17675781,2370.3840332,2507.31713867
2171.80175781,2177.14477539,2740.02709961,2922.62817383
2177.68212891,2174.34619141,2941.45336914,3065.06738281
2191.16088867,2180.84765625,2733.67749023,2749.50854492
2195.10205078,2187.80444336,2353.3137207,2258.62695313
2179.00048828,2179.73828125,2156.02709961,1962.22802734
2160.89355469,2163.56518555,2086.9597168,1856.87072754
2157.21484375,2156.34350586,1970.44335938,1797.07165527
2158.19946289,2156.08544922,1959.05603027,1871.88220215
2152.55200195,2150.82739258,2188.48486328,2147.68334961
2147.28295898,2143.5456543,2366.27368164,2339.66040039
2148.70410156,2144.26879883,2220.99780273,2205.61352539
2150.75317383,2149.32446289,1996.99987793,1991.60046387
2150.26074219,2148.07592773,2024.80664063,2023.67077637
2151.953125,2141.55200195,2185.87329102,2180.09790039
2157.07177734,2140.08520508,2258.71728516,2241.59741211
2162.51098633,2147.12524414,2368.23486328,2356.59521484
2166.60546875,2154.59423828,2619.95336914,2644.34082031
2167.42871094,2154.46533203,2722.25805664,2787.43945313
2164.94433594,2150.51147461,2440.73876953,2531.42529297
2166.30883789,2153.05249023,2023.4309082,2138.10791016
2175.19726563,2161.40185547,1792.09655762,1933.4107666
2180.20141602,2162.12573242,1730.56091309,1885.14306641
2171.1652832,2150.87939453,1746.84838867,1900.40112305
2158.06396484,2141.17211914,1875.12414551,2025.6270752
2154.04736328,2140.76708984,2035.06237793,2191.3190918
2153.41308594,2138.99438477,2047.04284668,2225.68676758
2147.95556641,2131.97485352,1953.56555176,2150.97509766
2146.7487793,2134.85498047,1934.56933594,2113.07714844
2156.36743164,2150.74731445,2005.66015625,2147.57543945
2163.01806641,2157.76391602,2133.69995117,2252.00341797
2156.81933594,2146.43115234,2381.72998047,2433.52880859
2149.86352539,2136.50439453,2651.82421875,2561.53735352
2151.71630859,2139.50097656,2665.0625,2481.7175293
2153.80395508,2141.06518555,2411.27539063,2277.13256836
2151.32568359,2134.03979492,2191.99462891,2128.57324219
2152.35961914,2131.72851563,2131.34741211,2052.06616211
2157.80566406,2139.00170898,2101.16699219,2010.68505859
2159.01831055,2144.21899414,2084.48535156,2041.41687012
2155.73828125,2143.09106445,2148.66723633,2105.24902344
2153.3527832,2141.99707031,2191.78393555,2093.27783203
2149.35327148,2140.66308594,2102.32983398,2021.20715332
2141.64648438,2134.23828125,1965.54150391,1949.54040527
2138.24731445,2125.91455078,1889.79541016,1854.17126465
2143.60888672,2122.06958008,1912.72216797,1823.85742188
2149.00292969,2122.65405273,2094.85668945,2048.32299805
2146.91918945,2124.03149414,2353.88525391,2382.03979492
2141.74291992,2124.14257813,2393.03857422,2417.78149414
2139.65625,2123.31933594,2153.95410156,2164.89648438
2139.92016602,2124.24047852,1966.07592773,2030.45446777
2140.80737305,2128.23461914,1971.85021973,2079.1550293
2144.51660156,2131.77490234,1970.81884766,2065.83178711
2151.41088867,2131.7746582,1987.57495117,2105.03759766
2155.13037109,2129.2121582,2266.99780273,2432.21044922
2148.74975586,2122.8269043,2639.32836914,2703.52832031
2135.17211914,2110.93115234,2655.42407227,2452.17236328
2126.69360352,2102.83398438,2338.59423828,1955.5189209
2130.24658203,2109.96655273,2118.62158203,1796.08544922
2137.31298828,2123.79980469,2136.1015625,1947.93835449
2137.02294922,2126.3581543,2190.08105469,2041.27832031
2134.35400391,2121.51391602,2217.3371582,2064.44384766
2140.87646484,2126.94995117,2358.03515625,2177.7722168
2152.5012207,2139.27758789,2631.42993164,2288.71972656
2156.19702148,2140.46240234,2838.17724609,2264.57470703
2153.48217773,2132.73144531,2794.70581055,2181.69360352
2154.31738281,2132.14355469,2561.98339844,2133.5324707
2154.98291016,2136.37915039,2374.48046875,2100.80126953
2147.32006836,2134.25244141,2329.38476563,2052.35327148
2141.4128418,2135.88989258,2295.85009766,1976.54797363
2153.41137695,2157.96728516,2226.67993164,1914.12353516
2177.77514648,2188.89868164,2296.60546875,1995.30725098
2193.04370117,2200.34423828,2524.29003906,2218.18408203
2190.06982422,2186.02905273,2589.6875,2315.54101563
2179.17749023,2164.58740234,2336.88256836,2149.18505859
2172.81030273,2150.57861328,2093.84667969,1971.76660156
2172.60620117,2143.41992188,2126.94116211,1978.27246094
2174.51123047,2141.33374023,2194.01367188,1994.67321777
2177.85131836,2146.98022461,2043.32543945,1899.86694336
2182.46899414,2156.5769043,1885.94799805,1867.78942871
2182.64306641,2159.18212891,1950.9284668,1968.89453125
2174.60009766,2152.81469727,2078.58691406,2051.40820313
2166.31347656,2147.9074707,2154.53588867,2131.7043457
2168.25830078,2149.44555664,2396.69580078,2375.50195313
2177.66357422,2150.25195313,2832.03515625,2670.90234375
2182.43334961,2146.30615234,3039.81811523,2710.05371094
2177.74121094,2142.92700195,2760.25024414,2453.78393555
2170.33203125,2143.16162109,2276.98388672,2133.1315918
2168.25,2145.09033203,1959.14880371,1915.9675293
2172.17358398,2149.42919922,1861.66699219,1852.69067383
2177.22021484,2156.296875,1908.76062012,1952.90710449
2179.95581055,2160.35351563,2055.11230469,2110.89672852
2180.54370117,2160.61938477,2182.04443359,2162.97998047
2179.13061523,2164.99487305,2158.87109375,2100.88574219
2175.51318359,2175.875,2026.90063477,2027.16796875
2172.85766602,2183.99682617,1940.27160645,1979.34228516
2175.46606445,2183.18530273,2007.13806152,2009.01281738
2182.0769043,2178.25708008,2253.47021484,2218.73974609
2187.41503906,2175.03149414,2580.92211914,2522.11108398
2189.85864258,2174.68994141,2772.18847656,2662.2097168
2191.33959961,2178.26416016,2702.99975586,2577.76953125
2191.2277832,2185.57739258,2470.97509766,2407.31054688
2186.81787109,2190.75756836,2222.07250977,2180.72851563
2178.55297852,2187.35839844,2011.2401123,1903.23242188
2170.04638672,2176.61328125,1862.17028809,1752.34460449
2164.96533203,2165.7590332,1785.9230957,1814.45910645
2165.55151367,2159.59448242,1779.09985352,1930.91247559
2169.54663086,2155.63574219,1885.48779297,2035.38122559
2169.58203125,2147.84033203,2089.07006836,2193.93041992
2162.86987305,2135.5559082,2188.21850586,2268.06542969
2157.13061523,2125.27392578,2074.74584961,2107.74316406
2157.42602539,2121.04174805,1967.75952148,1942.65283203
2156.40698242,2120.20922852,2028.3770752,2012.19567871
2149.93530273,2121.8972168,2092.41479492,2155.68041992
2147.78198242,2128.57519531,2119.56787109,2252.81665039
2153.68310547,2135.75024414,2351.46679688,2484.75244141
2154.51245117,2134.7175293,2698.34277344,2761.703125
2146.15893555,2128.81591797,2671.86230469,2650.45214844
2144.81933594,2129.72680664,2222.59423828,2177.88378906
2154.45703125,2135.6875,1881.02258301,1882.49926758
2153.86132813,2133.65112305,1869.24719238,1914.98620605
2135.68945313,2124.36376953,1882.90039063,1952.11047363
2124.55834961,2122.43481445,1838.57861328,1977.4519043
2136.14575195,2129.96362305,1972.37145996,2217.50976563
2151.91723633,2133.60571289,2173.20019531,2437.09692383
2153.0144043,2129.27441406,2075.40380859,2240.45141602
2147.80834961,2127.1875,1782.19042969,1869.7923584
2149.74658203,2131.89550781,1713.34289551,1841.33532715
2155.13696289,2138.25708008,1870.0300293,2095.33496094
2156.71606445,2146.00585938,1969.0748291,2272.62792969
2158.53735352,2158.56054688,2052.74804688,2406.81542969
2165.92138672,2169.64086914,2279.00976563,2638.66040039
2173.08422852,2169.04248047,2429.8137207,2724.09082031
2169.65795898,2159.02319336,2257.93408203,2450.08911133
2155.92504883,2150.77050781,1965.79125977,2081.89916992
2146.14038086,2149.82910156,1835.81799316,1944.10864258
2152.73071289,2155.89379883,1813.73498535,2008.88867188
2168.65527344,2167.7331543,1826.07189941,2147.64794922
2174.55786133,2178.54345703,1983.22229004,2310.37207031
2165.31274414,2178.13354492,2196.02270508,2358.22412109
2156.88671875,2168.29052734,2164.54199219,2179.5078125
2161.84667969,2163.50048828,1913.15673828,1946.33764648
2172.63183594,2170.1887207,1781.55090332,1895.72058105
2177.66186523,2178.58203125,1884.02539063,2046.43017578
2179.77905273,2179.77832031,2111.02148438,2381.35888672
2186.46386719,2176.73217773,2475.66577148,2911.93286133
2192.46948242,2173.06469727,2909.86230469,3341.54345703
2186.85351563,2164.85668945,3034.60644531,3202.06445313
2172.35498047,2151.39160156,2672.55834961,2557.41333008
2163.09985352,2142.30566406,2214.79760742,2013.28625488
2162.62963867,2143.66137695,2029.96789551,1864.30432129
2158.6706543,2146.06420898,1970.11547852,1838.59521484
2145.30053711,2138.66235352,1846.93920898,1790.06774902
2136.01513672,2127.22753906,1850.8704834,1941.81774902
2143.03442383,2124.61669922,2086.68261719,2274.95751953
2155.57104492,2129.984375,2226.92041016,2373.20336914
2155.46166992,2132.64160156,2057.07446289,2127.41601563
2145.78076172,2130.86987305,1881.05212402,1969.79162598
2143.43652344,2130.69506836,1971.60510254,2134.57910156
2149.45507813,2131.1081543,2108.66601563,2296.13012695
2151.41894531,2128.39477539,2084.76000977,2238.43212891
2151.08569336,2129.83959961,2136.62475586,2242.16186523
2159.52099609,2141.97583008,2415.37133789,2454.31494141
2168.47802734,2152.02441406,2579.60644531,2528.51025391
2161.99902344,2147.29980469,2374.64233398,2268.86621094
2150.79199219,2142.31640625,2065.4597168,1988.89453125
2155.00952148,2153.56079102,1925.91333008,1920.41259766
2164.48608398,2165.17675781,1880.61999512,1923.20910645
2159.55639648,2159.55859375,1893.4765625,1971.12097168
2149.90234375,2153.69384766,2082.97290039,2218.57568359
2147.98364258,2160.08398438,2322.01269531,2501.31103516
2137.60253906,2152.82666016,2334.47875977,2487.46606445
2112.890625,2121.20703125,2186.25366211,2280.82202148
2104.44384766,2105.09521484,2138.60107422,2208.40283203
2126.78076172,2128.41918945,2195.36450195,2243.20727539
2149.49780273,2154.7565918,2278.30908203,2257.17089844
2151.49414063,2152.02148438,2499.45776367,2419.86962891
2151.31225586,2142.0090332,2812.46411133,2752.03295898
2161.79492188,2149.6875,2851.71704102,2829.31762695
2165.77880859,2159.69824219,2509.26806641,2466.05175781
2153.54394531,2154.22973633,2167.30053711,2094.15478516
2142.32006836,2147.43286133,2076.09179688,2047.1307373
2146.08056641,2155.78979492,2056.78637695,2114.0390625
2155.87329102,2167.81152344,1998.19824219,2099.51098633
2159.68359375,2165.51635742,2054.02661133,2154.77636719
2161.69116211,2154.80200195,2218.95605469,2321.50463867
2170.62329102,2154.6418457,2247.62695313,2353.17602539
2180.69970703,2167.46313477,2077.50024414,2168.09936523
2178.97705078,2178.00805664,1928.66491699,2012.35876465
2166.76196289,2176.54272461,1968.53869629,2069.46044922
2157.28198242,2168.11279297,2130.26831055,2230.28051758
2154.52246094,2160.57446289,2233.26586914,2295.85449219
2150.94042969,2154.40820313,2182.01293945,2221.52124023
2143.203125,2144.80737305,2070.1965332,2127.49951172
2135.01220703,2130.30444336,2041.28564453,2126.62866211
2128.69580078,2118.47900391,2072.10131836,2187.33740234
2125.65673828,2117.89306641,2075.29833984,2215.47363281
2128.62890625,2123.90014648,2122.74267578,2211.10668945
2135.3215332,2123.79077148,2283.49047852,2224.8059082
2137.78930664,2116.38525391,2383.00976563,2225.54248047
2134.11181641,2112.04638672,2246.4909668,2153.17993164
2133.08300781,2115.08081055,2010.97814941,2044.52429199
2141.78833008,2121.49047852,1906.0690918,1996.15307617
2154.48461914,2129.98144531,1921.828125,2036.02050781
2160.66113281,2141.35522461,1935.32519531,2094.40698242
2159.95507813,2151.60717773,1973.38049316,2116.22338867
2159.35449219,2154.91162109,2135.97875977,2171.2277832
2158.69042969,2150.28515625,2369.67016602,2342.14331055
2152.19311523,2142.39160156,2478.59106445,2503.56176758
2142.48754883,2137.33081055,2355.72338867,2437.14404297
2138.05566406,2136.52490234,2116.22924805,2193.89233398
2137.98071289,2135.71728516,1948.99523926,2035.203125
2133.33618164,2131.66186523,1904.32702637,2013.54467773
2123.5234375,2125.94995117,1932.64648438,1986.39782715
2119.73364258,2122.26123047,2038.56018066,1978.81396484
2128.64868164,2123.71411133,2208.56591797,2094.97216797
2139.06689453,2128.60253906,2272.86914063,2193.66894531
2134.88793945,2128.71899414,2088.40209961,2101.07958984
2121.75512695,2122.53076172,1813.13757324,1969.35681152
2122.63549805,2123.49902344,1738.07495117,2007.22998047
2140.8371582,2138.78955078,1867.70043945,2085.13696289
2153.11572266,2153.01757813,1941.88635254,1994.35314941
2147.60620117,2151.68188477,1887.89953613,1864.08825684
2137.41943359,2141.83764648,1934.94152832,1955.9440918
2131.50610352,2134.30761719,2168.80053711,2201.38305664
2126.18041992,2128.70068359,2316.35766602,2284.40722656
2125.18579102,2125.67504883,2217.26538086,2146.71533203
2135.47998047,2130.09423828,2150.07006836,2068.4140625
2148.54589844,2137.98413086,2320.26049805,2158.12329102
2150.93725586,2139.34863281,2437.58251953,2177.61523438
2143.30517578,2132.32617188,2305.55004883,2101.02539063
2134.9753418,2123.46337891,2327.34887695,2296.55908203
2132.60620117,2119.63989258,2764.5546875,2766.61865234
2137.96020508,2123.03100586,3073.70556641,2895.35546875
2145.28930664,2127.83349609,2770.31787109,2456.02856445
2145.20019531,2125.46386719,2318.20605469,2076.19995117
2137.64794922,2117.14428711,2313.31811523,2170.69897461
2132.23217773,2113.24975586,2474.52978516,2304.07641602
2135.11230469,2118.55883789,2302.70263672,2119.21435547
2143.6965332,2126.34887695,2020.6998291,1948.68786621
2149.49804688,2126.37915039,2030.17883301,2041.94689941
2144.90283203,2115.54077148,2132.76342773,2101.71264648
2135.42504883,2103.50292969,2032.22302246,1966.7409668
2135.62719727,2102.89038086,1962.10583496,1940.76086426
2143.7265625,2110.26782227,2178.29467773,2161.6262207
2142.17919922,2110.69091797,2399.83349609,2322.20581055
2130.24487305,2102.33886719,2290.59741211,2219.38500977
2124.0480957,2094.56835938,2019.88793945,2048.8684082
2123.80004883,2085.90698242,1911.74975586,2019.3125
2118.96166992,2072.78271484,1951.87988281,2082.43212891
2117.64453125,2068.96899414,1992.13684082,2137.87109375
2131.51513672,2084.46777344,2050.20654297,2187.46313477
2148.06860352,2102.47631836,2108.6550293,2217.52172852
2152.34667969,2106.48217773,2007.50537109,2178.23413086
2152.91235352,2106.56689453,1778.80554199,2117.66064453
2161.32446289,2115.87036133,1689.21459961,2127.30493164
2172.47485352,2128.28857422,1800.77368164,2171.71386719
2179.08789063,2134.70288086,1922.32067871,2177.65844727
2181.04931641,2135.75268555,2033.96191406,2212.98925781
2177.95874023,2132.98046875,2265.72338867,2339.38671875
2171.19360352,2127.71533203,2487.37573242,2409.06005859
2167.22900391,2126.31176758,2435.52636719,2283.13745117
2168.51660156,2133.3515625,2181.21484375,2108.546875
2170.82250977,2145.36547852,2016.35961914,2090.39038086
2171.36962891,2155.78881836,2006.05200195,2162.27636719
2171.2578125,2160.64575195,2032.87890625,2172.01391602
2173.58227539,2160.64282227,2097.44458008,2185.67895508
2180.43798828,2158.87597656,2245.95117188,2299.37036133
2185.66137695,2153.86645508,2378.90087891,2371.18237305
2179.29638672,2141.80493164,2387.76367188,2262.67529297
2165.36816406,2127.84545898,2334.02758789,2128.83837891
2158.33300781,2121.54492188,2330.02294922,2162.9831543
2159.62988281,2121.63110352,2388.50683594,2283.15722656
2159.99365234,2121.47460938,2490.43945313,2342.31469727
2160.89428711,2123.21020508,2629.85986328,2379.72119141
2168.08032227,2129.50756836,2709.04394531,2418.19287109
2172.81665039,2132.99731445,2602.09228516,2331.27197266
2164.73828125,2129.46435547,2404.6730957,2130.42773438
2152.13183594,2127.72045898,2349.17236328,2026.89318848
2148.88818359,2134.6784668,2415.27661133,2060.50292969
2153.64990234,2144.23046875,2394.02880859,2074.9152832
2156.82519531,2148.1496582,2345.53564453,2100.83203125
2156.71826172,2146.78198242,2485.59960938,2269.30249023
2158.02783203,2145.04199219,2647.26416016,2400.82666016
2161.64233398,2145.07177734,2480.7800293,2249.6796875
2162.93164063,2145.4777832,2126.47265625,2013.01477051
2159.08642578,2145.68530273,2022.11047363,2017.07800293
2154.85522461,2148.35375977,2181.24194336,2164.23754883
2157.0402832,2154.484375,2315.07299805,2242.21191406
2164.37695313,2158.94067383,2421.50341797,2365.33569336
2169.31347656,2156.92480469,2621.85620117,2582.796875
2168.38256836,2151.54711914,2718.33959961,2572.68481445
2163.46508789,2148.00561523,2483.97387695,2210.60449219
2155.95922852,2144.93530273,2105.36694336,1888.38305664
2147.05053711,2138.72827148,1916.70568848,1888.42456055
2139.80126953,2131.06811523,1962.33752441,2002.29724121
2135.37255859,2125.09448242,2089.13671875,2027.67773438
2130.87548828,2118.99145508,2221.80322266,2075.99755859
2123.31225586,2109.93041992,2355.828125,2189.66357422
2112.67944336,2100.69433594,2446.60620117,2181.69116211
2101.89648438,2096.23876953,2445.71704102,2029.36352539
2095.3269043,2095.73486328,2385.0378418,1982.00305176
2095.18554688,2094.22436523,2356.63720703,2140.5612793
2099.45385742,2091.19750977,2421.11645508,2307.91381836
2104.80786133,2090.69873047,2551.71777344,2348.921875
2109.58374023,2093.90795898,2654.85571289,2344.95532227
2113.58129883,2098.91723633,2640.36938477,2327.35693359
2116.67041016,2104.86425781,2492.45922852,2208.8527832
2116.53442383,2108.75170898,2276.15209961,2027.77075195
2110.40063477,2105.2097168,2070.71728516,1938.59863281
2103.39770508,2097.32763672,1930.89758301,1957.68322754
2107.015625,2096.7878418,1903.78710938,1992.70874023
2121.19628906,2106.22705078,1991.92004395,2045.36242676
2130.7043457,2115.58447266,2095.71240234,2137.22924805
2127.92480469,2119.76953125,2103.28833008,2175.98876953
2121.49169922,2122.22973633,2037.38574219,2110.09863281
2116.05541992,2121.05371094,2009.55065918,2047.62744141
2107.61425781,2112.734375,2070.20629883,2076.3515625
2102.7331543,2106.71508789,2207.86645508,2153.82836914
2113.74414063,2114.04956055,2403.95043945,2238.22998047
2133.01977539,2127.50048828,2578.55761719,2325.3762207
2140.16650391,2132.84838867,2606.70361328,2356.78466797
2132.90844727,2130.26635742,2488.39233398,2284.66455078
2126.52490234,2128.25390625,2360.31005859,2179.54443359
2128.6628418,2129.22705078,2275.99291992,2119.04833984
2133.59033203,2132.22583008,2160.97753906,2076.22436523
2134.08862305,2135.921875,2027.54785156,2032.03930664
2128.03759766,2134.8190918,1999.38928223,2039.59985352
2119.2434082,2125.86474609,2076.18457031,2092.94213867
2113.89648438,2115.46948242,2120.36303711,2116.40209961
2113.38623047,2109.23242188,2111.88549805,2124.9621582
2115.44042969,2104.75634766,2155.08447266,2187.01708984
2119.73486328,2101.03100586,2216.59277344,2237.91088867
2123.38183594,2100.37524414,2154.97314453,2177.32910156
2119.84423828,2099.66381836,2034.15795898,2108.97070313
2111.96655273,2094.99975586,2073.34692383,2200.37841797
2112.02001953,2091.5222168,2240.83203125,2360.03051758
2122.74609375,2096.18286133,2260.12670898,2363.64599609
2134.8503418,2107.57226563,2078.8503418,2240.50952148
2142.14770508,2118.89941406,1938.07409668,2191.78833008
2143.30493164,2123.84863281,1923.90722656,2197.13232422
2138.09228516,2121.66918945,1891.40393066,2101.75610352
2133.9206543,2121.2421875,1864.12670898,2012.54052734
2139.96166992,2130.57958984,2012.49291992,2138.85351563
2150.15869141,2142.77416992,2220.26586914,2324.46459961
2151.80688477,2146.77368164,2186.81958008,2252.9152832
2146.76293945,2145.05322266,1941.62023926,2009.27319336
2144.87524414,2145.10205078,1770.39904785,1909.86706543
2148.16137695,2146.21875,1731.09204102,1949.65112305
2155.19433594,2147.23828125,1708.1217041,1945.38696289
2164.36572266,2151.23876953,1759.48376465,1973.55883789
2167.97949219,2156.12084961,1955.61950684,2153.56005859
2161.24145508,2156.29467773,2106.64282227,2301.34301758
2152.39282227,2152.95703125,2054.72827148,2250.59301758
2149.23828125,2150.59619141,1957.07421875,2160.62988281
2149.61938477,2150.52270508,1952.17431641,2155.5534668
2153.96923828,2154.20166016,1922.54846191,2103.12036133
2165.75708008,2161.42480469,1864.99633789,2009.17749023
2176.04516602,2165.04296875,2002.44055176,2092.44628906
2172.68261719,2161.29345703,2273.69384766,2288.42163086
2164.17114258,2160.77832031,2305.76611328,2289.28564453
2168.97851563,2174.69873047,2093.63305664,2143.0390625
2184.29467773,2196.19604492,2015.97241211,2130.93139648
2190.57983398,2208.77197266,2096.24194336,2152.52587891
2184.61157227,2207.75830078,2063.53710938,2009.8939209
2182.95214844,2201.41064453,2073.91259766,2009.97766113
2191.46923828,2195.23706055,2439.79321289,2422.20922852
2196.08032227,2188.34985352,2849.86523438,2795.4284668
2189.69384766,2183.92285156,2803.54418945,2669.08129883
2184.30615234,2188.68237305,2475.14648438,2347.76049805
2186.74023438,2199.42529297,2298.73291016,2226.51635742
2185.76928711,2203.74536133,2194.82397461,2121.32763672
2174.65673828,2197.47680664,1932.79370117,1869.94702148
2164.49121094,2189.08569336,1695.91577148,1764.03405762
2164.17236328,2185.5847168,1713.97680664,1942.73950195
2166.44091797,2185.83740234,1829.21130371,2091.70629883
2163.65136719,2187.87329102,1810.99304199,2002.97143555
2162.64477539,2193.27270508,1751.69445801,1894.37023926
2173.46289063,2202.77124023,1897.30541992,2038.10473633
2189.97290039,2211.33642578,2220.54467773,2349.37939453
2193.24633789,2210.70458984,2376.76000977,2464.70019531
2176.73632813,2199.20166016,2199.19067383,2247.13720703
2156.30395508,2185.19458008,1986.52709961,2015.78100586
2147.73266602,2176.4453125,2001.03942871,2028.40112305
2149.03222656,2172.67651367,2081.41503906,2113.54248047
2154.43334961,2171.85131836,2151.28881836,2187.38476563
2165.63012695,2172.87475586,2481.45141602,2510.07421875
2177.48266602,2170.63354492,2984.23486328,2981.73681641
2175.78857422,2161.8137207,3054.93383789,3000.66992188
2161.16503906,2154.11889648,2563.45898438,2467.00976563
2151.8515625,2155.71826172,2112.10302734,2024.3996582
2154.35229492,2161.10717773,1996.91418457,1986.02038574
2155.70288086,2161.41186523,1896.94628906,2002.53308105
2149.86694336,2159.30200195,1767.24926758,1968.5324707
2145.68969727,2159.49365234,1963.40136719,2189.46240234
2145.56713867,2157.02929688,2352.16894531,2533.85180664
2142.81347656,2150.16967773,2366.61474609,2488.2109375
2140.84033203,2149.76293945,2023.93286133,2120.05517578
2147.91479492,2158.98144531,1886.82885742,1987.02832031
2155.56567383,2161.86914063,2045.34875488,2146.38232422
2150.24658203,2150.88354492,2120.83520508,2224.8347168
2139.96289063,2143.49291992,2148.06103516,2277.43579102
2140.42138672,2150.31079102,2448.23974609,2582.93017578
2146.03955078,2154.75927734,2794.18310547,2855.84106445
2143.88061523,2147.10888672,2685.01879883,2647.74414063
2139.60424805,2144.08544922,2263.4309082,2210.75463867
2141.50439453,2151.83886719,2062.63037109,2058.3515625
2140.64868164,2150.35229492,2106.59887695,2100.26074219
2131.671875,2135.33666992,2093.10498047,2045.83911133
2127.42138672,2130.22216797,2111.30029297,2102.29125977
2133.36938477,2140.18334961,2355.88378906,2448.98583984
2135.84008789,2141.68969727,2518.52734375,2642.51879883
2128.91064453,2128.65600586,2253.91381836,2340.86523438
2123.64819336,2121.95800781,1860.21386719,1976.88391113
2123.78149414,2127.2265625,1803.70922852,2013.33178711
2121.55249023,2127.63647461,2011.69067383,2233.91210938
2119.41259766,2121.33422852,2221.78149414,2360.21459961
2127.64526367,2125.85327148,2481.90527344,2562.03881836
2142.0234375,2143.19238281,2774.88867188,2836.98120117
2148.69433594,2154.45336914,2757.48510742,2749.92016602
2146.50268555,2151.48608398,2342.76489258,2239.46655273
2143.71508789,2146.22973633,1952.48864746,1851.22827148
2140.79956055,2146.3515625,1862.79333496,1866.7052002
2134.77929688,2145.49145508,1883.95715332,1986.97521973
2131.23681641,2141.23510742,1874.29797363,2022.70544434
2135.59350586,2140.99169922,1960.48339844,2132.67407227
2141.05859375,2144.79638672,2109.10180664,2298.67114258
2139.1328125,2142.54980469,2063.9074707,2259.69921875
2134.32348633,2133.64160156,1840.42675781,2044.55041504
2136.48681641,2129.87011719,1765.36425781,1992.98596191
2145.78564453,2135.49584961,1930.75,2189.86425781
2155.72802734,2143.06420898,2100.53588867,2364.54394531
2163.62792969,2148.3203125,2200.87646484,2381.83203125
2168.09277344,2151.14770508,2378.47265625,2377.55102539
2164.28808594,2147.12695313,2555.00195313,2383.76196289
2152.1574707,2135.7409668,2468.44824219,2262.12548828
2141.92700195,2128.33056641,2152.00927734,2038.97302246
2141.76391602,2132.75415039,1884.38964844,1917.86328125
2146.89038086,2141.27685547,1761.91955566,1956.39770508
2149.15332031,2145.40454102,1728.31079102,2037.67346191
2149.71362305,2148.88720703,1816.77734375,2106.30981445
2153.27294922,2155.46582031,2022.46240234,2184.35229492
2156.57495117,2158.23925781,2186.34472656,2239.63574219
2153.3762207,2152.61328125,2222.09594727,2230.58300781
2146.84375,2147.63183594,2211.08813477,2201.55004883
2145.75292969,2152.77978516,2222.75830078,2220.64379883
2150.31787109,2163.37670898,2283.9453125,2301.42163086
2153.67480469,2170.65185547,2444.73608398,2425.25
2156.02636719,2176.61157227,2653.73852539,2539.40039063
2163.41308594,2185.85180664,2720.20581055,2530.12280273
2172.69458008,2192.20458984,2575.41455078,2336.84326172
2173.14648438,2188.10644531,2393.74291992,2090.54736328
2164.9050293,2179.51513672,2326.34790039,1972.95593262
2161.50512695,2178.62890625,2309.72949219,1973.6574707
2170.4675293,2187.37792969,2260.26904297,1988.84899902
2182.56542969,2196.30737305,2248.93725586,2050.32470703
2185.04638672,2195.91259766,2312.26977539,2190.00097656
2178.11425781,2186.2277832,2297.94750977,2260.07006836
2171.73242188,2176.02832031,2126.5402832,2182.70288086
2169.04272461,2170.18457031,1987.80651855,2115.49902344
2163.0949707,2162.90234375,2020.20214844,2126.63427734
2153.63720703,2152.50512695,2071.43432617,2083.27294922
2154.03735352,2151.26733398,2031.52453613,2003.15136719
2170.20874023,2164.13110352,2042.5916748,2046.04016113
2186.37255859,2173.96923828,2165.08959961,2157.5546875
2188.42993164,2169.32543945,2272.42456055,2212.63916016
2186.609375,2165.95288086,2385.80737305,2312.32495117
2193.83959961,2176.49487305,2607.24829102,2470.13305664
2198.65722656,2184.58349609,2750.84741211,2411.38500977
2186.5222168,2176.59277344,2588.65039063,2097.97338867
2171.25341797,2170.26464844,2289.36303711,1894.28234863
2173.69897461,2181.66918945,2104.47094727,1919.31237793
2183.89770508,2192.94995117,1970.88293457,1910.21936035
2178.07006836,2183.63061523,1861.66125488,1868.77539063
2160.67382813,2166.45825195,1990.45605469,2054.54858398
2155.55639648,2163.46191406,2278.74560547,2305.51733398
2164.92626953,2171.44506836,2274.43676758,2214.18115234
2169.57641602,2176.04125977,1917.42102051,1924.76379395
2163.94262695,2177.85644531,1684.16821289,1911.89733887
2161.63037109,2183.67211914,1777.28173828,2131.66357422
2167.80175781,2188.94482422,1919.89611816,2222.84570313
2171.04833984,2185.57958984,2032.00708008,2270.67285156
2165.45800781,2176.28930664,2311.69750977,2532.44824219
2161.06762695,2170.63037109,2618.2902832,2755.35400391
2165.70605469,2172.22753906,2557.05224609,2579.55078125
2170.4453125,2174.93554688,2171.80126953,2226.98925781
2163.36035156,2170.55737305,1871.24523926,2082.65087891
2150.19921875,2160.15795898,1769.6907959,2068.02075195
2147.93725586,2154.60961914,1707.37145996,2014.94299316
2158.02832031,2159.14282227,1718.32910156,2078.73291016
2161.76806641,2163.85009766,1897.10253906,2286.5925293
2148.73608398,2158.56054688,2042.34106445,2311.14477539
2132.41015625,2148.19726563,1951.16467285,2075.94946289
2126.51049805,2141.78149414,1800.3963623,1938.99572754
2125.59082031,2137.1784668,1819.34838867,2040.40844727
2122.84912109,2129.6796875,1924.70532227,2136.32592773
2125.30517578,2124.37036133,2020.00598145,2174.59301758
2136.15869141,2127.33911133,2227.01953125,2332.64282227
2143.52514648,2134.04443359,2507.48339844,2481.17089844
2139.81616211,2136.45629883,2531.11157227,2319.34570313
2133.15429688,2134.94335938,2209.4362793,1985.26733398
2131.62768555,2135.91479492,1902.7824707,1880.45275879
2132.81469727,2140.97949219,1876.94274902,2021.72753906
2131.83935547,2143.74707031,1980.08435059,2120.80761719
2127.85742188,2139.05004883,2009.51989746,2100.59838867
2123.78369141,2131.63818359,2025.99780273,2099.37133789
2124.56933594,2129.51464844,2156.75830078,2172.29125977
2130.15600586,2131.52978516,2313.01074219,2238.67895508
2131.7109375,2130.89697266,2272.87133789,2183.75708008
2124.23339844,2128.53930664,2033.06225586,2005.25744629
2116.9777832,2132.18798828,1886.94702148,1891.91906738
2120.12402344,2143.19165039,1983.42834473,1950.74865723
2129.80126953,2153.75488281,2085.42163086,2001.16467285
2138.01904297,2158.04638672,2073.48291016,1990.37939453
2146.05981445,2158.60522461,2245.96777344,2215.55175781
2155.08496094,2158.94628906,2674.34155273,2669.11328125
2156.66503906,2156.81567383,2848.22875977,2789.68798828
2147.86352539,2151.82373047,2491.30688477,2377.55834961
2142.68212891,2153.06933594,2061.33764648,1982.20031738
2152.5690918,2167.3059082,1947.97583008,1942.01159668
2168.18017578,2185.10961914,1937.0682373,1948.3807373
2175.1640625,2192.76831055,1878.13037109,1881.80908203
2174.72021484,2192.21142578,2025.78649902,2062.76074219
2175.19873047,2194.92822266,2368.00463867,2431.2265625
2176.75146484,2202.64697266,2476.74145508,2493.38208008
2176.23754883,2207.96044922,2279.6496582,2226.99609375
2175.82568359,2208.19384766,2168.48706055,2099.44482422
2177.29614258,2206.33862305,2254.79077148,2200.84887695
2176.74316406,2202.45678711,2310.55224609,2250.33349609
2172.19335938,2194.46777344,2370.88134766,2296.97631836
2170.19360352,2186.13549805,2606.79931641,2539.67041016
2177.72827148,2185.99047852,2790.38989258,2714.03515625
2190.16870117,2195.73388672,2623.87597656,2488.64111328
2194.65454102,2204.8984375,2305.64575195,2121.29907227
2185.81982422,2201.95410156,2141.36181641,1988.18286133
2171.00097656,2188.42260742,2034.23608398,1951.78710938
2159.86547852,2176.90087891,1889.23754883,1847.64892578
2157.55004883,2176.32104492,1938.69226074,1948.13366699
2166.57910156,2184.53930664,2209.82568359,2323.81591797
2184.28466797,2194.99731445,2322.2722168,2482.57299805
2199.45166016,2204.39575195,2161.0703125,2202.79321289
2202.34472656,2211.79858398,2067.16821289,1950.50170898
2196.57226563,2215.66723633,2173.39013672,2035.89489746
2192.82592773,2216.11645508,2275.08569336,2185.27514648
2195.14624023,2217.06762695,2385.53295898,2252.24023438
2200.65087891,2221.90307617,2662.83666992,2464.11303711
2206.47338867,2228.21508789,2884.01928711,2739.47143555
2209.41552734,2229.62353516,2723.37963867,2640.52807617
2205.2121582,2222.6027832,2352.91918945,2167.69189453
2195.06005859,2210.98046875,2137.56616211,1829.67529297
2186.56469727,2202.60083008,2055.87255859,1862.24755859
2182.7043457,2199.24414063,1932.64916992,2014.76171875
2177.66381836,2193.91308594,1835.00500488,2075.36645508
2169.17089844,2184.73022461,1850.51037598,2093.39868164
2165.11523438,2182.9140625,1878.65002441,2125.88867188
2170.30712891,2194.10961914,1860.9564209,2119.9284668
2176.83984375,2203.65429688,1874.68774414,2057.59008789
2176.31494141,2197.54101563,1960.75439453,2049.81103516
2171.48510742,2183.60253906,2105.51953125,2211.47070313
2167.67797852,2174.46289063,2277.63891602,2451.37133789
2164.28515625,2168.06665039,2360.79541016,2520.25244141
2162.74829102,2161.79760742,2276.77612305,2351.83569336
2169.8347168,2163.9831543,2167.77783203,2168.69433594
2184.18725586,2175.94750977,2178.07446289,2139.81005859
2192.64672852,2184.59472656,2196.87915039,2167.54785156
2188.27294922,2184.24853516,2118.46240234,2127.94335938
2179.71069336,2185.08740234,2097.07739258,2077.73754883
2176.91162109,2193.7253418,2220.98486328,2103.17993164
2180.16845703,2204.18847656,2265.63256836,2158.32226563
2185.80834961,2209.18994141,2097.82250977,2160.42041016
2189.79467773,2204.94238281,1948.73974609,2121.5144043
2186.74658203,2190.00024414,1982.55480957,2101.61791992
2177.65405273,2172.6496582,2022.56884766,2104.17138672
2173.00952148,2169.08203125,1970.67492676,2092.16601563
2177.45507813,2182.00415039,2003.4543457,2064.50708008
2182.09936523,2194.32373047,2126.50732422,2049.01416016
2181.12036133,2193.76123047,2081.55834961,2054.40625
2179.61865234,2186.71069336,1864.50439453,2072.76879883
2177.59399414,2179.6640625,1775.77929688,2090.97753906
2167.97509766,2168.30444336,1886.1348877,2099.55859375
2157.16503906,2154.62841797,1997.20043945,2127.03808594
2161.86254883,2152.34008789,2082.68383789,2205.62109375
2179.70678711,2163.81884766,2245.64428711,2275.59033203
2190.09667969,2172.46118164,2367.90332031,2241.05371094
2187.14477539,2168.92211914,2270.33203125,2129.54125977
2183.83837891,2165.02050781,2062.29980469,2051.90405273
2183.51611328,2170.26513672,1968.5020752,2033.37792969
2176.43823242,2174.30688477,1987.20141602,2027.72058105
2164.76367188,2166.76196289,1992.78674316,2032.68347168
2163.48364258,2157.31616211,2000.80993652,2071.33496094
2174.41088867,2159.60107422,2094.48144531,2130.15478516
2181.35253906,2168.11987305,2211.13256836,2183.14868164
2174.73120117,2168.89404297,2218.28735352,2217.5090332
2164.30273438,2163.75952148,2139.49316406,2226.36694336
2161.72949219,2165.18212891,2108.53759766,2221.00854492
2163.83764648,2172.69238281,2145.7902832,2226.98828125
2163.50634766,2174.86889648,2176.23974609,2248.37597656
2166.15991211,2172.19458008,2200.37841797,2260.36791992
2178.60571289,2175.85546875,2239.64746094,2230.07714844
2190.06225586,2184.03710938,2222.19580078,2146.32250977
2186.05981445,2183.27612305,2118.95068359,2055.49584961
2173.81591797,2174.46459961,2034.18981934,2028.18847656
2170.25537109,2172.84887695,2021.12817383,2059.93505859
2174.0703125,2181.39868164,2025.14050293,2084.63891602
2173.53710938,2187.65820313,2062.75488281,2098.59277344
2170.27416992,2185.29003906,2178.58496094,2140.82397461
2172.49316406,2178.1237793,2256.18969727,2164.96337891
2177.04663086,2168.15600586,2174.17480469,2113.625
2176.51391602,2156.11889648,2038.49230957,2078.09643555
2171.96728516,2146.34790039,1993.93261719,2167.32275391
2166.65234375,2140.62963867,2012.21435547,2296.17333984
2158.94750977,2135.92456055,2066.80493164,2329.12744141
2148.6081543,2131.74829102,2215.40112305,2297.95996094
2140.20874023,2130.86010742,2371.11938477,2260.89135742
2137.96020508,2134.12475586,2346.30957031,2161.61572266
2143.33081055,2141.84277344,2180.75610352,2016.09985352
2155.01708984,2155.07446289,2062.01855469,1952.42736816
2166.62475586,2170.29370117,1989.89929199,1960.61108398
2169.97216797,2178.77661133,1903.94824219,1953.65209961
2164.83544922,2176.07397461,1946.63513184,2034.23840332
2159.90966797,2168.62646484,2185.4050293,2271.00146484
2161.18579102,2166.55712891,2351.20336914,2406.84936523
2164.76416016,2170.41821289,2252.75097656,2262.22192383
2163.85180664,2171.19482422,2103.57250977,2088.29492188
2157.62207031,2165.40893555,2100.25488281,2092.74194336
2149.73046875,2160.50415039,2114.78222656,2114.8972168
2143.25952148,2161.19311523,2085.85888672,2106.50537109
2141.12963867,2163.00439453,2201.2824707,2285.48510742
2145.41650391,2163.0078125,2448.03100586,2563.23803711
2152.08764648,2162.94433594,2512.56787109,2542.09082031
2153.60449219,2161.07397461,2317.55908203,2231.0090332
2148.81494141,2154.515625,2141.89990234,2039.00805664
2141.93212891,2146.69946289,2109.57666016,2048.2746582
2135.41870117,2142.984375,2084.40649414,2020.23010254
2134.29248047,2145.54272461,2086.14160156,2006.44360352
2145.80249023,2154.31982422,2252.96142578,2209.5690918
2162.38012695,2162.83984375,2421.48828125,2416.90942383
2164.42529297,2160.27563477,2314.2175293,2299.20019531
2151.76977539,2149.3034668,2070.40649414,2046.1739502
2145.4597168,2146.07299805,2034.00378418,2027.20031738
2150.69799805,2153.09326172,2170.19702148,2131.68530273
2152.20654297,2156.14526367,2250.19970703,2106.37402344
2149.2355957,2153.12646484,2363.05444336,2144.28881836
2156.20556641,2155.79614258,2649.00878906,2444.40893555
2168.93554688,2162.36889648,2819.93676758,2632.61352539
2168.67236328,2160.61401367,2564.02661133,2345.96875
2157.12548828,2154.33813477,2144.36328125,1937.66125488
2154.28295898,2156.86328125,2016.20983887,1898.5559082
2165.3293457,2166.25390625,2137.07446289,2072.55834961
2175.85839844,2171.91479492,2191.75952148,2110.55273438
2177.078125,2174.66943359,2208.51196289,2152.37475586
2176.59545898,2181.09033203,2414.19775391,2408.57226563
2182.38500977,2188.98583984,2696.81445313,2608.08032227
2188.52832031,2191.5793457,2718.97607422,2453.72460938
2185.50488281,2188.03979492,2457.31860352,2151.21582031
2178.15307617,2183.3347168,2217.65307617,2034.35974121
2178.56811523,2182.02001953,2157.04492188,2073.61962891
2183.89892578,2183.66430664,2124.97192383,2061.265625
2180.65209961,2183.61816406,2009.23388672,1974.88049316
2169.68652344,2179.36694336,1968.15759277,1969.42602539
2164.62744141,2173.10498047,2173.84765625,2144.20825195
2166.60913086,2165.97583008,2484.73608398,2377.99023438
2163.62036133,2156.35009766,2601.68896484,2446.38891602
2153.81982422,2146.73535156,2494.17016602,2342.47192383
2147.91088867,2144.01928711,2388.04199219,2263.76293945
2149.33105469,2149.60668945,2342.05444336,2225.38525391
2150.65405273,2157.2565918,2205.61206055,2075.15014648
2148.88330078,2162.24975586,2020.9251709,1926.38952637
2149.45800781,2165.29418945,2030.07824707,2049.16918945
2155.11889648,2167.52929688,2221.76269531,2320.33886719
2160.94458008,2167.64941406,2310.36083984,2360.03833008
2160.98388672,2163.38647461,2216.92456055,2175.90869141
2155.08569336,2154.50634766,2145.50488281,2087.95385742
2149.12573242,2146.60449219,2171.17041016,2123.515625
2148.65429688,2147.68066406,2180.96362305,2083.05712891
2151.73217773,2156.27099609,2201.17236328,2048.46777344
2151.68823242,2161.66503906,2348.12744141,2215.91137695
2147.81738281,2160.80053711,2500.37133789,2400.66064453
2145.94946289,2161.40429688,2447.31762695,2303.54492188
2147.13305664,2164.82080078,2269.78295898,2057.24682617
2146.15209961,2164.34692383,2167.05883789,1958.80407715
2143.00219727,2162.7175293,2103.41723633,1959.44909668
2144.05419922,2169.54907227,2020.9510498,1920.02478027
2150.04589844,2180.96459961,2083.71557617,1973.69091797
2154.13964844,2183.29370117,2327.23486328,2189.9206543
2153.59545898,2175.43066406,2472.49389648,2332.08276367
2154.45776367,2169.16455078,2405.57397461,2283.97973633
2162.00048828,2170.5246582,2360.83105469,2230.5859375
2171.1328125,2174.1730957,2419.26391602,2236.2121582
2171.12915039,2173.24951172,2378.31567383,2166.73266602
2161.16699219,2167.53808594,2230.35668945,2075.20727539
2154.39746094,2163.36743164,2196.71972656,2139.57348633
2160.05566406,2166.0390625,2263.5534668,2270.24169922
2169.53173828,2171.83837891,2219.46484375,2257.02709961
2169.41333008,2171.73706055,2088.08276367,2165.02709961
2159.54296875,2163.40136719,2049.27880859,2165.30395508
2148.66040039,2153.05834961,2074.51977539,2195.39306641
2140.78149414,2144.86279297,2043.90405273,2164.07519531
2134.7043457,2136.6394043,2023.71630859,2207.49902344
2131.3737793,2128.88818359,2101.07763672,2395.56396484
2134.33276367,2128.32495117,2178.84057617,2503.56689453
2142.02954102,2135.37939453,2176.97192383,2385.99536133
2144.37792969,2138.2277832,2180.74023438,2236.31591797
2135.71923828,2130.89306641,2228.55541992,2216.42504883
2128.92797852,2126.96264648,2224.52124023,2202.04150391
2139.68457031,2139.31982422,2157.1105957,2112.80200195
2157.95800781,2156.42529297,2134.54785156,2097.24902344
2159.7980957,2158.20288086,2154.29223633,2196.36645508
2146.03173828,2146.18725586,2087.61865234,2209.59692383
2138.43383789,2136.89379883,1921.38366699,2065.92773438
2140.06152344,2134.09643555,1801.88635254,1972.27307129
2134.80761719,2130.17456055,1807.25183105,2047.68896484
2123.71313477,2127.76049805,1849.5715332,2139.80810547
2124.95581055,2136.04321289,1860.74389648,2144.83300781
2139.09204102,2149.0847168,1923.11828613,2195.86523438
2147.82299805,2150.80517578,2085.46533203,2351.94360352
2146.09106445,2140.66894531,2186.57641602,2402.03979492
2146.41699219,2133.72119141,2095.26513672,2238.13232422
2152.37988281,2135.65405273,2001.55493164,2131.61157227
2153.00585938,2137.68701172,2142.28198242,2302.32275391
2145.28759766,2136.17333984,2371.19824219,2510.65844727
2141.64770508,2137.84741211,2399.64624023,2471.18212891
2148.90454102,2143.52978516,2294.06347656,2335.25
2154.97485352,2143.69555664,2281.12060547,2320.6105957
2146.92431641,2134.44726563,2271.84033203,2261.40869141
2132.14379883,2124.72680664,2074.83935547,2018.20593262
2127.57836914,2122.80761719,1848.68859863,1884.49536133
2134.50366211,2125.96459961,1846.80725098,2074.78540039
2140.921875,2128.74951172,1959.88781738,2291.63769531
2144.3059082,2132.59887695,1959.02844238,2269.51147461
2152.29541016,2140.76904297,1905.9420166,2205.48974609
2163.39501953,2150.50512695,1930.81726074,2253.37036133
2167.74072266,2156.9934082,1937.95483398,2216.45629883
2166.55322266,2160.5378418,1860.359375,2061.59838867
2170.61108398,2163.74023438,1842.80432129,2063.59643555
2178.87890625,2165.03222656,1947.02490234,2240.54370117
2178.92602539,2161.76782227,2065.11621094,2329.64086914
2170.64233398,2158.01123047,2203.78564453,2346.10205078
2168.6862793,2161.10766602,2410.95727539,2470.22753906
2176.98681641,2169.54980469,2483.64233398,2534.24291992
2181.9206543,2172.98168945,2248.97509766,2316.70849609
2176.69091797,2166.73925781,1961.8939209,2055.82177734
2170.6784668,2157.05419922,1922.16870117,2041.58435059
2168.39575195,2149.46166992,1993.09020996,2108.21923828
2162.62036133,2143.34326172,1974.27539063,2052.8996582
2154.37719727,2140.26831055,2021.58190918,2046.05322266
2154.72875977,2144.03344727,2229.0402832,2200.92480469
2162.52294922,2150.13745117,2299.23632813,2286.03540039
2166.72363281,2150.58007813,2075.63916016,2184.75854492
2170.78369141,2149.57495117,1888.94287109,2114.21508789
2185.41357422,2156.78881836,2000.82446289,2195.45043945
2201.16577148,2167.19067383,2211.21289063,2283.21264648
2199.68041992,2168.09423828,2307.48779297,2304.88891602
2184.9296875,2161.44287109,2407.81469727,2360.671875
2173.00341797,2157.11499023,2613.45629883,2469.796875
2163.46923828,2152.11328125,2743.37548828,2517.77856445
2149.55834961,2138.9675293,2618.26098633,2427.61401367
2139.23901367,2124.10864258,2319.85498047,2219.53344727
2139.23779297,2116.62841797,2052.32299805,1985.0201416
2137.45043945,2111.50976563,1916.47106934,1853.23278809
2124.07104492,2102.38549805,1867.85290527,1872.44311523
2111.11083984,2097.27246094,1839.15161133,1958.33044434
2113.52490234,2106.23608398,1871.67553711,2045.88977051
2127.91821289,2124.63818359,2033.18713379,2163.95214844
2141.67553711,2139.66650391,2211.67089844,2292.16259766
2149.46899414,2146.27050781,2208.23413086,2335.2277832
2153.07226563,2149.68457031,2051.25610352,2288.30029297
2153.83984375,2155.11108398,1943.78686523,2238.01635742
2150.86254883,2159.99462891,1919.38208008,2208.60400391
2144.51782227,2159.06884766,1872.43164063,2179.15380859
2139.77319336,2153.92456055,1865.95397949,2182.54833984
2142.51855469,2151.04614258,2039.703125,2232.10571289
2150.58544922,2151.12011719,2271.40063477,2250.99511719
2154.17260742,2148.15161133,2300.64453125,2195.06494141
2149.99291992,2140.79638672,2144.47900391,2123.25610352
2147.47485352,2136.52734375,2044.83691406,2071.57592773
2153.28369141,2139.68188477,2064.81713867,2015.27160645
2159.49560547,2143.24389648,2085.66552734,1999.42675781
2158.67089844,2141.07714844,2126.87133789,2109.28466797
2158.32543945,2139.41967773,2288.6105957,2272.47802734
2164.58105469,2143.56005859,2444.90087891,2309.02758789
2165.98364258,2144.02099609,2383.72851563,2209.62792969
2152.80493164,2132.29760742,2183.32299805,2140.82617188
2137.25292969,2118.2800293,2085.71508789,2167.15576172
2135.0546875,2115.25952148,2100.80541992,2192.00756836
2142.03491211,2120.41235352,2074.82128906,2161.19604492
2145.79150391,2124.16308594,2025.59204102,2130.35107422
2145.93286133,2125.44873047,2099.19848633,2154.15820313
2148.7980957,2127.52001953,2276.73266602,2224.89990234
2153.77978516,2130.71313477,2353.03759766,2269.39697266
2155.3815918,2134.81689453,2204.42480469,2203.0625
2152.90917969,2139.89916992,1969.24316406,2081.09985352
2152.25366211,2144.55737305,1884.93200684,2074.15820313
2157.82080078,2147.82763672,1976.01660156,2177.96191406
2164.56152344,2148.96972656,2093.58300781,2219.65795898
2164.28808594,2145.84326172,2256.47998047,2264.07910156
2160.34204102,2140.26000977,2595.84008789,2546.36181641
2164.00146484,2140.18408203,2923.01123047,2866.34863281
2174.49560547,2148.28271484,2841.79541016,2706.37695313
2178.40380859,2155.2890625,2390.15771484,2134.31420898
2171.52319336,2152.9387207,2050.29296875,1812.86584473
2164.55126953,2146.03710938,2030.29284668,1943.08569336
2164.28149414,2144.56103516,2079.75390625,2079.61669922
2165.00341797,2150.41259766,2090.77661133,2103.57861328
2162.39331055,2158.38452148,2291.99609375,2375.38208008
2162.59448242,2165.71777344,2697.43432617,2812.69262695
2170.57617188,2173.76513672,2914.60327148,2851.15087891
2178.39892578,2180.55249023,2731.99682617,2442.07324219
2175.51318359,2179.44921875,2439.93774414,2143.1394043
2166.22167969,2170.12524414,2324.57226563,2161.47412109
2162.89794922,2162.55175781,2274.41918945,2165.50292969
2164.07885742,2161.46801758,2156.24633789,2041.8894043
2157.80371094,2157.69750977,2133.18554688,2045.6965332
2145.06469727,2146.07958984,2287.30712891,2202.99926758
2137.23876953,2136.61206055,2363.8984375,2249.42041016
2133.17895508,2134.72705078,2214.04052734,2147.05126953
2124.06323242,2130.25097656,2065.42822266,2105.14697266
2114.78222656,2118.52587891,2099.85107422,2161.32983398
2114.90942383,2109.17675781,2208.83984375,2209.52026367
2118.29370117,2104.28027344,2332.40087891,2297.39331055
2114.76025391,2094.15307617,2548.80322266,2474.02685547
2108.96362305,2080.78149414,2734.26489258,2549.99975586
2108.95751953,2077.64306641,2649.85327148,2398.11401367
2111.49438477,2084.09375,2393.54760742,2224.59765625
2112.73217773,2087.45678711,2260.61254883,2204.0546875
2117.51855469,2088.41259766,2233.68530273,2202.14355469
2127.33007813,2097.08642578,2124.74926758,2148.94165039
2133.50097656,2109.3359375,2035.13916016,2220.32177734
2131.30371094,2113.71606445,2126.35913086,2382.84985352
2128.84082031,2114.75805664,2197.58666992,2315.28613281
2133.64575195,2124.01489258,2048.32055664,2022.7434082
2140.57470703,2137.05102539,1925.75708008,1915.02636719
2142.36743164,2142.99902344,2080.50830078,2096.12573242
2142.93115234,2145.90185547,2297.22094727,2237.25244141
2148.8894043,2154.36791992,2353.46020508,2245.84521484
2157.12207031,2162.64941406,2436.33691406,2342.19750977
2162.70922852,2161.97460938,2656.07519531,2453.14404297
2168.7746582,2157.12841797,2714.04443359,2285.56005859
2177.03442383,2156.02099609,2453.59692383,1969.27514648
2180.80297852,2157.70898438,2166.23803711,1892.32006836
2176.85009766,2161.14233398,2055.66088867,2011.65930176
2171.32983398,2168.86767578,1978.70141602,2022.83728027
2168.40087891,2176.26318359,1889.50463867,1991.26696777
2166.01757813,2174.77758789,1937.95117188,2124.03710938
2163.97143555,2167.19897461,2046.35217285,2219.3203125
2163.13378906,2162.40283203,1978.09387207,2035.19921875
2159.43481445,2158.92944336,1816.73388672,1848.03991699
2150.68408203,2151.92431641,1831.25,1985.57556152
2143.84375,2147.90454102,1987.59106445,2227.76098633
2144.58886719,2152.75366211,2096.67236328,2276.83032227
2147.58837891,2156.51928711,2208.07861328,2308.9296875
2147.75952148,2151.34033203,2378.99072266,2484.61621094
2150.95922852,2150.07885742,2388.76928711,2502.22265625
2161.38378906,2164.19555664,2142.39916992,2193.91845703
2169.44848633,2179.81567383,1956.68310547,1946.46459961
2166.12255859,2180.17016602,2038.37011719,2032.76733398
2158.52734375,2173.56567383,2148.09936523,2162.109375
2157.1418457,2174.44140625,2121.8046875,2098.00366211
2158.68164063,2176.65209961,2161.5168457,2046.26525879
2155.38598633,2169.91333008,2305.11230469,2106.66894531
2149.61279297,2161.62792969,2249.01879883,2048.84790039
2146.56835938,2159.47998047,1980.41662598,1879.84973145
2143.91870117,2154.04736328,1907.56481934,1919.83239746
2138.93701172,2138.80834961,2134.29272461,2169.51269531
2135.9440918,2125.99243164,2309.13867188,2302.85546875
2139.74169922,2126.61791992,2334.05932617,2291.93066406
2148.59521484,2134.48925781,2472.61865234,2346.27075195
2155.03515625,2139.28540039,2678.99926758,2372.19726563
2150.04785156,2137.57324219,2589.03735352,2171.09814453
2132.35595703,2129.0234375,2224.5949707,1928.48754883
2114.93041992,2117.43115234,1998.46838379,1907.15283203
2110.69506836,2110.81665039,2019.24804688,1986.44384766
2113.92138672,2110.109375,2010.45422363,1972.96582031
2112.93457031,2109.76831055,1886.11572266,1971.02624512
2113.80126953,2113.05834961,1867.99499512,2099.22094727
2126.69750977,2126.18994141,2026.47094727,2222.53076172
2140.19287109,2139.53149414,2132.66162109,2196.95214844
2140.24658203,2140.90405273,2049.29492188,2097.21020508
2139.28344727,2139.29614258,1969.46166992,2084.13354492
2151.32568359,2146.55908203,2097.25195313,2187.85107422
2159.74926758,2151.52636719,2280.99853516,2264.46289063
2147.70800781,2143.00244141,2232.26220703,2184.50292969
2133.77807617,2136.30224609,2010.87548828,2049.109375
2139.86401367,2146.49804688,1942.06713867,2054.36987305
2154.42456055,2160.91870117,2086.89453125,2169.76953125
2160.13769531,2164.82006836,2206.44604492,2229.56616211
2163.97314453,2166.04931641,2256.15332031,2274.06616211
2173.45068359,2172.18383789,2451.05126953,2445.41772461
2176.93017578,2171.94995117,2781.25097656,2641.68261719
2167.05517578,2157.69921875,2921.16015625,2633.93017578
2154.9519043,2141.38891602,2719.20751953,2421.18701172
2149.75390625,2134.88037109,2399.23754883,2193.24414063
2146.65844727,2134.54003906,2200.58105469,2068.0402832
2140.47705078,2133.87597656,2116.2734375,2036.52856445
2134.49658203,2134.60229492,2040.63769531,2047.32458496
2132.89355469,2138.39770508,1982.05786133,2089.23510742
2134.56689453,2141.08081055,2074.38232422,2246.1418457
2137.31958008,2141.46386719,2387.67895508,2557.12792969
2141.9050293,2145.421875,2727.88574219,2811.00439453
2148.07983398,2155.41186523,2784.53588867,2749.23266602
2152.29785156,2165.98876953,2550.30810547,2465.96459961
2154.3984375,2173.9375,2328.49511719,2262.47167969
2158.69726563,2180.82666016,2242.40551758,2172.91772461
2163.55908203,2183.46679688,2114.01879883,2037.68444824
2162.40551758,2177.37426758,1918.08984375,1917.21447754
2158.20751953,2169.46606445,1893.09143066,1984.86328125
2159.18115234,2169.14379883,2077.08789063,2150.60180664
2160.19848633,2170.57177734,2185.30200195,2194.02709961
2150.78173828,2163.75708008,2075.18725586,2116.55810547
2137.57226563,2155.17871094,1958.11364746,2077.67993164
2134.18725586,2155.96875,2043.99938965,2161.79052734
2136.78369141,2160.60742188,2236.0793457,2336.03393555
2134.31933594,2158.68603516,2275.95751953,2449.1472168
2130.9128418,2154.63256836,2092.82104492,2334.55859375
2134.76660156,2155.75317383,1910.69799805,2091.92407227
2139.9777832,2155.8359375,1934.10131836,2011.04077148
2139.63867188,2149.12304688,2058.12963867,2107.98071289
2140.32373047,2144.56152344,2133.17602539,2179.15771484
2147.63842773,2149.77587891,2306.36279297,2297.28881836
2154.48852539,2156.53955078,2681.72973633,2620.56591797
2154.61743164,2155.18676758,2913.35131836,2837.796875
2151.69213867,2148.59057617,2674.4362793,2561.50976563
2149.5078125,2142.88671875,2226.34643555,2063.68652344
2147.33959961,2138.08154297,1984.74560547,1865.67089844
2145.6105957,2133.40209961,1918.60583496,1932.50366211
2144.43798828,2130.50073242,1879.92651367,1978.7121582
2139.36450195,2128.31005859,2003.39147949,2088.54370117
2128.11206055,2122.89477539,2284.80029297,2348.02612305
2117.73022461,2114.19506836,2345.09887695,2419.36547852
2117.08984375,2108.1315918,2055.86108398,2119.84545898
2124.8984375,2109.96801758,1814.95495605,1852.88928223
2131.92041016,2117.66723633,1896.11352539,1943.79272461
2134.14526367,2125.17749023,2141.01904297,2167.53295898
2135.75561523,2130.27880859,2445.91479492,2328.27661133
2137.27563477,2132.50317383,2865.13452148,2581.00512695
2131.89086914,2127.13500977,3164.84277344,2843.37182617
2119.38354492,2113.03857422,2980.40698242,2693.67529297
2110.71362305,2101.68261719,2446.54907227,2158.96533203
2110.46704102,2103.70898438,2055.22973633,1801.21069336
2109.38769531,2112.73950195,1965.2857666,1828.83239746
2103.36401367,2117.3972168,1990.0723877,1927.01220703
2102.82348633,2119.41967773,2082.26660156,2001.7097168
2112.98022461,2124.06201172,2326.7890625,2258.28637695
2122.6550293,2125.45043945,2628.15795898,2596.05908203
2123.43408203,2118.27954102,2785.79174805,2681.22314453
2122.11010742,2110.67944336,2743.30029297,2497.80444336
2124.06689453,2109.81469727,2567.90551758,2267.95288086
2122.05200195,2108.37890625,2327.9765625,2066.43652344
2111.13525391,2099.25170898,2075.72070313,1884.94702148
2099.26977539,2090.02319336,1857.84216309,1784.50280762
2095.79736328,2091.22363281,1740.6282959,1793.31103516
2102.40283203,2102.71240234,1808.12414551,1891.6595459
2117.80493164,2119.83569336,2037.08764648,2073.4777832
2138.11401367,2139.52856445,2255.10253906,2256.81005859
2152.8684082,2154.54272461,2348.25732422,2314.54858398
2154.01806641,2156.56469727,2370.30029297,2271.53369141
2146.84130859,2149.41357422,2368.68212891,2240.91113281
2140.54272461,2144.19189453,2330.66870117,2219.15087891
2134.98583984,2141.36816406,2321.82104492,2161.83813477
2129.27856445,2135.32226563,2396.69555664,2103.46826172
2131.63671875,2132.14990234,2431.85302734,2061.99291992
2144.33178711,2140.74511719,2329.44116211,2030.11743164
2152.79248047,2152.86547852,2223.91088867,2065.31933594
2148.07983398,2156.07128906,2231.02856445,2172.40112305
2143.6940918,2156.33862305,2243.71484375,2222.25952148
2150.99511719,2163.32861328,2193.28027344,2168.26342773
2158.51708984,2168.23486328,2205.578125,2119.93457031
2155.7890625,2161.55249023,2318.56542969,2098.68554688
2153.78515625,2154.41674805,2359.95605469,2020.15734863
2160.98608398,2157.75756836,2247.95507813,1944.92041016
2164.01147461,2160.49291992,2130.44213867,2006.77099609
2152.00854492,2150.27856445,2123.90234375,2126.56860352
2137.32519531,2135.46240234,2160.3918457,2132.48486328
2134.79956055,2128.80981445,2165.37207031,2065.20019531
2139.87744141,2128.7734375,2173.88330078,2051.61010742
2140.80810547,2129.4519043,2214.84277344,2047.50109863
2137.33325195,2131.44384766,2247.66040039,1994.89111328
2135.97290039,2134.33032227,2245.18701172,2005.25085449
2136.71972656,2133.25537109,2230.65405273,2135.38476563
2134.79394531,2128.41162109,2242.72900391,2246.70336914
2131.68603516,2126.91381836,2317.55224609,2266.38305664
2134.80786133,2132.69311523,2438.99145508,2282.99682617
2144.69799805,2142.17504883,2495.43457031,2289.1340332
2151.45532227,2150.06738281,2409.09667969,2179.98999023
2149.20043945,2153.86938477,2281.55859375,2030.52844238
2145.46166992,2153.65551758,2247.68798828,2013.48156738
2148.10058594,2151.37133789,2264.99487305,2092.97460938
2151.71435547,2149.62304688,2243.85717773,2133.73413086
2147.74755859,2149.421875,2246.37695313,2171.37573242
2139.96655273,2149.61914063,2327.63427734,2265.25683594
2137.50756836,2148.33837891,2363.78271484,2302.4309082
2139.37744141,2144.34667969,2270.07885742,2220.31518555
2138.56640625,2138.29882813,2175.15307617,2160.76977539
2135.93481445,2133.26513672,2193.36157227,2207.28955078
2137.51782227,2132.15380859,2274.18383789,2269.43041992
2142.37744141,2134.09985352,2383.86474609,2327.15795898
2144.93505859,2135.76831055,2541.48364258,2443.88476563
2145.93164063,2136.36401367,2638.26416016,2513.06762695
2149.75390625,2137.67407227,2537.2434082,2371.78540039
2153.3425293,2138.89916992,2323.43408203,2137.32495117
2148.92602539,2136.81152344,2164.00708008,2053.02270508
2137.22021484,2132.36938477,2053.52563477,2095.65185547
2128.4440918,2131.25976563,1970.3737793,2108.34692383
2129.93774414,2136.03979492,2043.44555664,2151.37060547
2139.7824707,2143.32177734,2274.99975586,2320.50366211
2151.72924805,2149.71655273,2392.82617188,2429.09838867
2160.14526367,2154.61279297,2262.16210938,2294.09155273
2161.67382813,2156.74511719,2123.93041992,2111.76318359
2157.84423828,2154.48706055,2184.52685547,2149.07739258
2155.04980469,2150.41796875,2336.46630859,2322.0925293
2158.29882813,2150.42089844,2475.01806641,2431.57519531
2166.22900391,2157.16870117,2663.58569336,2497.52172852
2173.89916992,2167.07885742,2819.50073242,2549.4050293
2178.29272461,2174.0690918,2695.19042969,2449.01831055
2179.49633789,2175.5222168,2322.94799805,2190.1940918
2178.63134766,2174.07226563,2039.45690918,2008.19885254
2177.55419922,2173.42944336,1975.73034668,2009.00219727
2179.26538086,2174.47827148,1952.1262207,2049.81103516
2183.80664063,2176.11743164,1903.91516113,2064.32128906
2184.77392578,2175.99584961,1951.85534668,2129.51074219
2176.91577148,2170.31542969,2036.34777832,2193.140625
2165.47045898,2158.59814453,1950.42565918,2117.93554688
2159.17797852,2147.43676758,1757.9901123,1988.55615234
2157.6940918,2142.98999023,1728.22131348,2012.69055176
2155.65307617,2142.92163086,1865.43493652,2156.56396484
2153.17114258,2142.08056641,1960.38964844,2226.60668945
2152.84008789,2140.54858398,2038.64624023,2233.40625
2153.35864258,2139.89794922,2255.36352539,2305.16625977
2152.47460938,2138.23657227,2451.43603516,2342.34106445
2149.51342773,2134.75268555,2352.38452148,2168.17333984
2144.68481445,2133.19873047,2081.53662109,1923.61108398
2141.6262207,2136.08984375,1962.34863281,1892.7277832
2144.61450195,2139.85327148,1991.78161621,2037.51208496
2150.25415039,2140.17919922,1981.03747559,2106.40380859
2152.92358398,2139.72827148,1980.5111084,2077.20068359
2155.80200195,2144.45654297,2121.50415039,2103.05883789
2161.4699707,2151.98461914,2273.68066406,2161.18798828
2160.97363281,2152.70703125,2246.98681641,2127.51855469
2150.11401367,2146.08105469,2124.50439453,2064.98486328
2142.10839844,2143.71777344,2090.90112305,2116.84423828
2146.40283203,2150.1159668,2134.36279297,2245.50073242
2152.95507813,2154.95092773,2162.50170898,2322.32446289
2152.46972656,2151.84130859,2203.0625,2329.84423828
2151.61450195,2147.94213867,2275.9909668,2302.23632813
2155.94384766,2147.29052734,2272.86914063,2230.21289063
2158.45507813,2143.09228516,2137.17407227,2132.19677734
2154.27832031,2133.68237305,1965.75146484,2060.13525391
2148.07739258,2127.24438477,1838.84387207,2009.81213379
2142.19360352,2125.81835938,1769.32263184,1971.13061523
2134.45239258,2123.24023438,1822.03808594,2006.34936523
2128.35693359,2119.58300781,2019.03222656,2133.50097656
2129.83862305,2119.51611328,2181.05249023,2238.03027344
2136.18701172,2120.53466797,2140.28344727,2232.68847656
2141.1394043,2119.07617188,2010.69116211,2186.33618164
2144.65087891,2119.24731445,1997.82775879,2189.25366211
2147.30932617,2123.66088867,2097.74316406,2217.26635742
2146.20336914,2129.6628418,2206.12060547,2222.49511719
2144.62792969,2139.6262207,2328.91772461,2234.95629883
2150.65869141,2155.7121582,2474.72509766,2269.828125
2160.24707031,2166.22900391,2527.9296875,2247.46923828
2160.18994141,2159.7722168,2425.18798828,2129.30761719
2150.91674805,2146.17675781,2303.14892578,2022.2199707
2146.05249023,2142.56787109,2300.34008789,2016.86633301
2149.35351563,2149.98120117,2350.11132813,2056.80517578
2153.01367188,2159.99731445,2339.30981445,2097.7409668
2156.36621094,2169.4050293,2334.44995117,2206.78100586
2164.72314453,2175.94677734,2438.19897461,2358.48632813
2172.12036133,2173.93481445,2542.80908203,2374.69970703
2166.05273438,2162.85717773,2479.50585938,2228.36547852
2148.71484375,2151.0715332,2312.82836914,2137.86181641
2135.45727539,2146.59716797,2228.10668945,2212.07080078
2132.46459961,2148.38671875,2233.37744141,2289.30297852
2132.4387207,2148.79541016,2226.65014648,2249.2512207
2131.61743164,2144.28344727,2236.13989258,2189.97509766
2133.95483398,2139.82006836,2332.70068359,2189.40087891
2137.63061523,2138.90112305,2403.25756836,2156.12255859
2133.67211914,2135.97436523,2266.21533203,2016.84741211
2121.05712891,2126.41796875,1980.10583496,1869.70825195
2111.25024414,2116.26416016,1819.3762207,1864.2791748
2114.65039063,2113.62109375,1905.47741699,1997.48681641
2129.32128906,2118.2956543,2060.58496094,2110.01928711
2144.92163086,2126.41992188,2135.26586914,2141.88354492
2154.4699707,2136.53076172,2249.44091797,2274.35986328
2159.14770508,2145.25854492,2484.40136719,2589.23242188
2161.0703125,2145.68896484,2587.9777832,2745.06469727
2158.40844727,2137.04443359,2336.87670898,2428.14013672
2153.52880859,2129.85864258,1968.03295898,1955.39916992
2155.58618164,2133.73193359,1843.29272461,1843.40026855
2165.03686523,2143.83691406,1913.97595215,2007.08752441
2168.13208008,2147.78100586,1952.68066406,2075.31176758
2157.88989258,2142.21704102,2046.92578125,2155.50610352
2146.1496582,2133.38085938,2365.85693359,2490.29589844
2144.77587891,2125.77001953,2689.68115234,2768.24487305
2150.24316406,2120.8359375,2685.96630859,2594.81396484
2154.24926758,2121.19360352,2436.98583984,2215.39404297
2154.47485352,2125.7746582,2233.49731445,2059.77880859
2150.55981445,2127.82983398,2097.22558594,2057.87158203
2142.77124023,2125.68823242,1936.71826172,1987.95678711
2136.23071289,2126.23339844,1879.63513184,1967.3972168
2136.97363281,2133.06323242,2032.78430176,2118.3046875
2144.82250977,2142.64038086,2213.30810547,2252.62353516
2154.18701172,2152.85107422,2258.08618164,2234.33081055
2158.06176758,2162.20385742,2259.32250977,2194.4140625
2152.39550781,2164.12158203,2260.37329102,2199.30981445
2142.37670898,2156.47045898,2151.0456543,2159.3112793
2139.41870117,2149.61474609,2027.00390625,2133.73681641
2146.41870117,2150.94628906,2144.20556641,2263.72949219
2154.2265625,2152.28442383,2403.73071289,2406.74975586
2156.24121094,2146.14648438,2423.60375977,2303.26513672
2155.7121582,2140.98144531,2175.57104492,2046.96582031
2156.7331543,2146.63720703,1992.17980957,1928.45947266
2159.06738281,2157.81982422,1955.11694336,1935.81384277
2162.32177734,2164.23339844,1864.23339844,1883.92797852
2166.02661133,2165.25390625,1759.49475098,1859.22839355
2166.27929688,2163.93896484,1856.91418457,2028.90881348
2159.68334961,2157.88085938,2025.47949219,2209.94238281
2150.90576172,2147.36450195,1944.58312988,2149.10620117
2150.62915039,2142.95043945,1713.90368652,2010.7121582
2162.62280273,2152.20507813,1707.88818359,2074.76586914
2176.93847656,2166.08349609,1926.53588867,2224.74707031
2181.92138672,2170.8605957,2073.78637695,2241.45214844
2178.00830078,2166.62988281,2120.33032227,2256.17749023
2171.71166992,2162.21826172,2210.51098633,2399.79223633
2164.57983398,2160.09375,2226.95288086,2422.32177734
2158.05688477,2157.86962891,2012.00964355,2161.08984375
2157.21606445,2156.0690918,1769.30090332,1913.5123291
2159.63769531,2154.65332031,1750.83776855,1919.80883789
2154.65332031,2150.03222656,1845.70214844,1999.97375488
2140.97680664,2141.99511719,1868.38586426,2012.09960938
2130.64526367,2136.80151367,1897.04492188,2104.57495117
2132.23779297,2140.18408203,2021.17919922,2302.57983398
2142.80273438,2150.95947266,2112.0090332,2379.36914063
2154.99316406,2161.63305664,2072.37768555,2274.52758789
2162.37255859,2164.97216797,2029.35974121,2218.02050781
2161.46484375,2160.96972656,2126.34375,2349.03027344
2153.94458008,2154.23657227,2292.87963867,2482.4387207
2143.65014648,2145.64916992,2323.90722656,2367.89282227
2132.96533203,2134.5847168,2159.18945313,2075.15991211
2125.11499023,2126.27734375,1989.34973145,1921.05187988
2123.60424805,2125.95141602,1980.07592773,1991.23522949
2127.09326172,2130.7734375,2035.71179199,2066.53515625
2131.93310547,2137.49829102,2062.12011719,2105.07373047
2138.2980957,2148.46679688,2223.64428711,2303.51147461
2146.83813477,2161.38769531,2583.18383789,2566.63378906
2154.01074219,2166.21850586,2796.48730469,2526.45874023
2156.39331055,2159.31860352,2605.36743164,2203.05151367
2153.99609375,2147.84667969,2288.52978516,2005.82788086
2147.8425293,2137.73901367,2181.29980469,2027.77697754
2140.88330078,2130.31274414,2163.04589844,1992.07165527
2138.5559082,2128.59790039,2051.89575195,1878.3984375
2141.41503906,2133.71557617,2019.48950195,1926.89929199
2142.79589844,2139.01293945,2171.73291016,2071.77612305
2139.13500977,2138.4543457,2224.88964844,2033.89172363
2134.15625,2134.78027344,2015.63562012,1885.90856934
2129.86816406,2132.64208984,1836.5378418,1908.70007324
2124.8737793,2132.42773438,1925.3815918,2060.97607422
2122.68237305,2134.53076172,2124.75024414,2161.59008789
2128.34448242,2139.13623047,2300.01660156,2314.65649414
2137.30322266,2140.83154297,2557.59887695,2612.92358398
2140.83959961,2134.68115234,2841.43774414,2780.79370117
2139.34130859,2125.67138672,2855.20117188,2600.05371094
2137.59643555,2121.03833008,2561.42456055,2289.38134766
2134.21679688,2119.06835938,2263.7409668,2088.88769531
2128.59692383,2117.05102539,2107.26904297,1932.32434082
2127.75439453,2120.28417969,1984.43981934,1801.7800293
2133.34667969,2129.90380859,1929.49169922,1877.45544434
2135.17285156,2134.67871094,2070.11791992,2106.56103516
2129.59985352,2129.43237305,2229.97216797,2156.57373047
2128.11352539,2126.53637695,2133.6472168,1976.77783203
2135.89819336,2134.10986328,1923.29638672,1890.90368652
2140.60229492,2140.30102539,1934.46777344,2025.70935059
2134.5,2134.92993164,2132.06933594,2177.01782227
2128.38208008,2127.40820313,2299.94946289,2288.91870117
2130.94995117,2126.90356445,2505.31420898,2500.24414063
2133.81054688,2125.42749023,2824.2253418,2698.52319336
2129.71142578,2117.02880859,2964.93505859,2607.60864258
2126.79272461,2112.66870117,2706.39379883,2307.15649414
2131.7121582,2120.484375,2329.046875,2121.35864258
2136.26147461,2131.08862305,2161.09887695,2081.86450195
2133.0859375,2134.49536133,2122.32177734,2006.9263916
2128.85913086,2133.45678711,2062.70800781,1934.3807373
2131.66113281,2133.27368164,2077.43798828,1996.65234375
2138.77001953,2135.00683594,2195.43457031,2084.64526367
2143.41625977,2140.39233398,2209.27758789,2041.96923828
2142.88208008,2149.66577148,2036.05847168,1947.3581543
2138.57958984,2157.81982422,1866.31506348,1916.27502441
2135.75268555,2162.38330078,1850.97375488,1923.03820801
2138.46826172,2165.90429688,1970.47692871,1999.39599609
2141.01416016,2165.80371094,2199.18701172,2245.04516602
2135.43383789,2156.86914063,2484.05395508,2536.80493164
2127.82397461,2146.375,2638.36791992,2611.94287109
2129.984375,2147.87255859,2528.93383789,2452.4675293
2137.68066406,2158.55957031,2264.00097656,2229.18823242
2138.33081055,2162.16650391,2034.15039063,2005.32800293
2134.54345703,2153.91748047,1929.29760742,1839.73242188
2136.83251953,2143.88525391,1976.88195801,1903.92858887
2141.36376953,2137.74658203,2147.43774414,2170.45410156
2138.6706543,2132.46801758,2299.53979492,2328.14746094
2134.28442383,2129.03076172,2304.08544922,2242.53466797
2138.37158203,2133.04345703,2200.33984375,2119.52783203
2146.0703125,2143.07568359,2111.54858398,2099.22338867
2146.89868164,2149.74633789,2085.11669922,2096.36645508
2141.85351563,2146.47558594,2088.38012695,2078.24609375
2137.89892578,2136.29492188,2071.89477539,2122.05200195
2137.86889648,2129.06201172,2003.04833984,2199.97973633
2142.35180664,2131.03540039,1906.21105957,2200.37280273
2148.8815918,2135.88720703,1868.6854248,2134.78466797
2149.59008789,2132.58862305,1947.73669434,2116.06884766
2141.56591797,2122.2734375,2078.42016602,2161.30834961
2132.80932617,2114.6875,2141.49169922,2176.14306641
2128.22436523,2109.37915039,2129.57006836,2134.71044922
2122.35668945,2098.56811523,2135.07080078,2123.73120117
2113.70849609,2086.63354492,2148.92333984,2154.42333984
2110.09301758,2085.83642578,2079.85253906,2113.10546875
2113.91040039,2094.88037109,2021.36486816,2007.06640625
2118.30444336,2101.78173828,2163.85327148,2012.10253906
2121.32299805,2105.14746094,2389.0222168,2138.08349609
2128.90600586,2114.65625,2412.18725586,2187.00219727
2141.26489258,2131.90917969,2330.11621094,2158.18505859
2148.89599609,2145.13110352,2434.08666992,2226.41772461
2146.15722656,2145.37792969,2558.69140625,2266.32250977
2139.96948242,2138.97241211,2341.2175293,2017.54211426
2139.52441406,2137.21899414,1981.36376953,1699.2355957
2144.41772461,2139.65991211,1953.49035645,1736.83569336
2150.18066406,2139.17236328,2176.88549805,2006.01403809
2157.21142578,2138.32666016,2250.56713867,2102.97753906
2164.55908203,2143.66162109,2218.72314453,2085.57739258
2165.33422852,2149.66723633,2350.98413086,2189.49902344
2158.81323242,2148.36425781,2484.13598633,2219.39111328
2154.7980957,2146.98168945,2288.60498047,1947.2043457
2158.16455078,2156.28686523,1922.54943848,1659.07495117
2163.50415039,2170.88671875,1811.77185059,1692.95629883
2167.70532227,2177.50170898,1968.06066895,1886.62341309
2171.49389648,2172.51953125,2046.20031738,1955.03137207
2170.85961914,2161.26049805,1980.01025391,1991.26660156
2163.30566406,2150.42407227,2066.91333008,2204.96508789
2157.01391602,2145.8371582,2375.35742188,2480.31640625
2160.69848633,2149.30395508,2552.23413086,2540.04199219
2171.63061523,2156.71948242,2404.15014648,2380.43212891
2180.99291992,2161.875,2191.60742188,2221.91088867
2182.89404297,2159.69555664,2093.87426758,2105.77197266
2176.43603516,2148.95678711,1924.91906738,1915.97021484
2166.41992188,2136.29345703,1672.54150391,1762.91394043
2159.47363281,2130.76708984,1681.52832031,1866.03430176
2155.27416992,2131.32202148,1989.08666992,2087.88549805
2149.10864258,2129.44628906,2161.50610352,2122.70239258
2143.96899414,2124.76782227,2038.55932617,2037.56799316
2146.86401367,2124.89819336,1941.04833984,2081.03295898
2153.8425293,2130.66259766,2031.01074219,2211.49682617
2156.50512695,2136.54003906,2178.25097656,2335.79492188
2160.13916016,2143.15771484,2414.16894531,2599.87841797
2171.81030273,2152.14697266,2808.14819336,2971.69189453
2177.08203125,2153.75488281,3062.53833008,3062.14208984
2160.23706055,2140.70068359,2877.62231445,2744.78588867
2139.00244141,2127.35351563,2457.75683594,2382.85620117
2140.94384766,2130.43896484,2149.89404297,2201.15869141
2156.66113281,2140.14331055,1973.8092041,2053.65844727
2158.82763672,2137.75561523,1898.1496582,1934.65649414
2151.70410156,2128.86206055,2058.0246582,2046.66125488
2155.82128906,2128.95751953,2363.16772461,2284.97509766
2163.04492188,2132.18261719,2447.89990234,2307.94458008
2154.41259766,2126.20898438,2256.79296875,2139.38183594
2142.32348633,2121.1809082,2126.5168457,2101.1809082
2149.41430664,2132.23120117,2186.06494141,2223.01489258
2165.30859375,2149.39599609,2273.09741211,2298.21948242
2166.00341797,2154.24584961,2427.69921875,2367.31347656
2157.06713867,2151.0222168,2805.09985352,2576.85791016
2158.91064453,2153.77368164,3155.51367188,2759.03930664
2166.48999023,2157.15625,3051.40942383,2661.64575195
2160.48828125,2147.58569336,2553.91943359,2369.21484375
2144.81933594,2131.57836914,2090.51293945,2115.08789063
2139.44384766,2126.67138672,1840.52233887,1965.43286133
2146.88720703,2133.61474609,1728.32043457,1938.8939209
2154.41870117,2140.39648438,1766.62268066,2075.62280273
2158.11694336,2143.91162109,1962.46252441,2246.43261719
2160.81103516,2148.24584961,2137.16040039,2273.7980957
2159.0546875,2152.55419922,2157.88330078,2234.23339844
2151.76391602,2155.88867188,2107.65405273,2274.28710938
2148.05273438,2162.24975586,2086.99731445,2318.29052734
2152.84545898,2171.06567383,2112.68310547,2314.11035156
2159.09228516,2175.11157227,2215.64208984,2420.59912109
2161.05615234,2172.27758789,2370.13598633,2625.17675781
2160.28222656,2167.37939453,2424.59277344,2627.62841797
2157.49365234,2162.99487305,2328.9909668,2358.42431641
2153.40332031,2159.7722168,2230.49414063,2107.86108398
2153.99902344,2161.18701172,2183.25927734,2006.92749023
2161.27783203,2167.27563477,2067.9074707,1912.43127441
2165.24780273,2169.84887695,1910.64233398,1820.6048584
2157.45727539,2163.51293945,1919.54443359,1874.09802246
2144.65869141,2155.00952148,2127.44287109,2028.0279541
2138.515625,2153.33544922,2326.41577148,2126.62451172
2140.19580078,2156.87670898,2352.39575195,2141.90673828
2144.16210938,2157.92041016,2205.47583008,2075.62329102
2148.54516602,2154.52270508,2022.11279297,1930.79248047
2153.13769531,2150.79760742,2030.66027832,1898.09790039
2154.30444336,2149.33959961,2272.98339844,2134.55908203
2150.10424805,2150.04296875,2435.99267578,2367.63232422
2146.11401367,2154.47509766,2320.1171875,2257.0234375
2149.04248047,2164.61694336,2193.17822266,1998.7734375
2156.81567383,2176.83544922,2261.0378418,1951.60131836
2162.17285156,2184.05810547,2325.99853516,1993.94897461
2165.05859375,2185.77587891,2406.68261719,1955.2557373
2171.66748047,2187.96020508,2885.50146484,2155.5534668
2179.97875977,2191.21264648,3584.97851563,2713.02734375
2179.35498047,2189.35205078,3688.19750977,2984.10009766
2168.71020508,2181.39746094,3022.70166016,2535.4765625
2159.80908203,2172.99780273,2395.66162109,1932.7689209
2157.23071289,2165.98291016,2306.13232422,1793.30480957
2153.12231445,2159.35131836,2357.25268555,1879.91027832
2146.85888672,2157.58349609,2226.50097656,1821.86645508
2148.05493164,2163.82202148,2215.51171875,1849.69885254
2154.77661133,2169.56420898,2498.50830078,2149.28540039
2152.80541992,2164.79907227,2668.67626953,2317.21313477
2141.35229492,2152.55639648,2442.74365234,2078.77783203
2135.43066406,2142.20361328,2171.45556641,1824.48010254
2139.74414063,2135.98071289,2209.38378906,1908.1472168
2142.77099609,2131.71411133,2327.30273438,2084.91088867
2137.72192383,2130.42822266,2242.67724609,2101.44116211
2130.2890625,2132.55371094,2194.87255859,2171.17651367
2126.59228516,2134.11962891,2423.64770508,2418.45068359
2127.5065918,2134.12426758,2610.58325195,2507.6394043
2132.16601563,2138.65258789,2426.0715332,2253.21606445
2138.51245117,2150.77075195,2095.81665039,1975.35998535
2143.78027344,2163.10595703,1924.36901855,1908.74511719
2146.98608398,2167.36401367,1843.34362793,1902.03662109
2147.55737305,2164.42822266,1807.38537598,1931.27368164
2144.61816406,2158.53491211,1976.26757813,2178.0534668
2141.40722656,2149.8046875,2230.36035156,2442.98754883
2144.03955078,2139.75195313,2199.16430664,2294.58447266
2151.87011719,2134.53588867,1936.70910645,1891.89978027
2156.02954102,2135.04394531,1878.9173584,1811.23278809
2151.39770508,2134.08105469,2099.13671875,2080.13647461
2144.07763672,2129.95825195,2298.67871094,2267.38256836
2142.63769531,2130.77514648,2439.54956055,2359.54589844
2145.81616211,2139.24926758,2669.31860352,2597.97729492
2144.84960938,2146.39135742,2786.43334961,2722.82666016
2137.48486328,2145.90356445,2504.45458984,2368.58129883
2132.19384766,2142.50585938,2063.01611328,1887.53210449
2135.20825195,2141.36791992,1920.47631836,1850.78894043
2141.65795898,2140.67626953,2065.15478516,2107.61694336
2145.96777344,2138.81542969,2187.16577148,2156.91650391
2151.74609375,2138.68969727,2229.39453125,2026.31030273
2161.60107422,2140.21264648,2281.57666016,2077.43994141
2167.03466797,2137.28613281,2265.02832031,2316.05615234
2161.34423828,2128.36572266,2116.30273438,2411.80761719
2153.08618164,2122.6640625,1968.22766113,2165.99072266
2152.83544922,2127.82788086,1926.88623047,1783.69628906
2156.56811523,2137.51025391,1970.75512695,1792.70690918
2155.71704102,2140.47143555,2087.72021484,2430.06298828
2152.03930664,2135.84179688,2214.25415039,3046.77392578
2149.63378906,2129.01123047,2199.39501953,2800.33300781
2144.96630859,2120.1784668,2080.82397461,2007.17858887
2135.87670898,2109.31201172,2084.92382813,1808.38989258
2127.84033203,2104.03857422,2200.33056641,2399.95629883
2124.10717773,2109.23095703,2196.3972168,2792.17724609
2122.20898438,2116.78613281,2093.14892578,2456.05297852
2122.70776367,2117.75048828,2081.10009766,1971.04296875
2128.07397461,2115.62329102,2082.06030273,1869.35766602
2133.41088867,2116.58984375,1950.6907959,1960.90649414
2131.43505859,2116.64526367,1880.48449707,2010.67468262
2124.77563477,2109.94775391,2064.03369141,2182.6574707
2121.52172852,2100.76416016,2262.61206055,2544.23461914
2121.37939453,2096.05688477,2201.66455078,2700.51611328
2117.91699219,2094.46484375,2032.95715332,2237.85473633
2112.83129883,2092.90332031,1990.67053223,1429.03601074
2115.75634766,2095.95239258,1998.1640625,1278.09533691
2128.56054688,2108.33789063,1996.57507324,2423.39086914
2141.96582031,2125.29077148,2212.03515625,3832.55419922
2151.07592773,2139.28271484,2675.26904297,3490.36450195
2160.57836914,2148.69482422,2923.34570313,1345.77709961
2169.51464844,2153.13964844,2654.81323242,117.749259949
2167.59033203,2150.26635742,2259.42456055,1868.82836914
2154.30151367,2142.90844727,2202.22314453,4731.09033203
2143.99804688,2138.35668945,2324.9296875,4441.39990234
2143.5625,2137.23095703,2285.97631836,162.344741821
2142.79980469,2134.17504883,2209.45263672,-2276.27709961
2134.14770508,2128.74487305,2303.60668945,2207.99194336
2124.76245117,2124.20410156,2314.91552734,7313.33837891
2123.47070313,2119.95800781,2002.55932617,3816.07666016
2129.68457031,2115.24316406,1716.65795898,-2313.88256836
2137.58032227,2112.86450195,1863.19995117,8.9320640564
2141.96020508,2112.51269531,2189.86694336,4155.70410156
2141.11254883,2109.75244141,2204.51293945,821.395874023
2137.38745117,2103.57592773,1929.44213867,2878.01171875
2131.99951172,2096.02026367,1690.62963867,20458.8261719
2123.96337891,2089.02148438,1529.34082031,32426.6601563
2118.55249023,2088.00366211,1341.42712402,20357.6523438
2123.65722656,2096.38574219,1253.91784668,2696.73022461
2132.9453125,2104.4855957,1388.3692627,498.205383301
2132.80541992,2102.58276367,1549.20483398,3710.39819336
2128.58374023,2100.34692383,1526.39343262,-298.54473877
2136.82836914,2108.97924805,1413.91186523,-2326.49975586
2152.11889648,2117.01489258,1348.07092285,3823.67797852
2154.83422852,2113.03955078,1281.96875,7063.95410156
2148.17822266,2111.46875,1253.91223145,1951.06982422
2150.5144043,2123.91748047,1447.71459961,-2171.89355469
2158.71777344,2133.52636719,1753.58581543,449.860198975
2158.13208008,2129.7253418,1772.15612793,4507.55908203
2156.14086914,2132.72045898,1485.36328125,4603.03613281
2166.23779297,2152.71948242,1336.68200684,1701.40869141
2176.68164063,2165.92895508,1427.03063965,-357.094482422
2173.2109375,2158.6640625,1345.77636719,364.671905518
2169.55761719,2151.52197266,1039.68200684,2516.29882813
2180.11816406,2157.71972656,1009.99182129,3491.95458984
2190.52539063,2162.28320313,1362.72998047,2563.05297852
2186.16333008,2158.10253906,1574.02246094,1318.88806152
2178.44824219,2158.30957031,1488.01733398,1242.41809082
2178.52148438,2163.27270508,1583.74597168,2079.56225586
2178.05493164,2156.68041992,1981.60424805,2634.15917969
2172.79345703,2138.85791016,2186.14233398,2498.46923828
2172.20654297,2128.09814453,2047.7713623,2274.28198242
2176.92529297,2129.82788086,1985.74914551,2296.5222168
2176.70825195,2134.60961914,2104.93188477,2142.62329102
2171.83251953,2140.69018555,2049.24462891,1676.50695801
2170.70336914,2151.82983398,1778.82946777,1532.01025391
2172.18896484,2161.27246094,1612.09399414,1954.88415527
2171.57495117,2161.74169922,1586.96508789,2188.99926758
2173.17041016,2161.71704102,1549.69006348,1786.90869141
2180.09545898,2170.47949219,1608.09228516,1489.15319824
2184.87426758,2178.52050781,1836.53833008,1943.92004395
2182.68676758,2173.49975586,1960.98449707,2583.5859375
2179.62963867,2162.84423828,1857.76831055,2606.51367188
2179.45458984,2160.15454102,1802.65991211,2134.65527344
2177.52929688,2163.24829102,1885.21337891,1765.00109863
2174.17675781,2165.03125,1870.22436523,1806.82617188
2177.93408203,2169.87182617,1810.80041504,2263.04663086
2189.0871582,2180.01635742,2007.15112305,2811.08911133
2194.97167969,2183.1640625,2322.69750977,2862.26489258
2189.03125,2172.32104492,2343.91625977,2318.29150391
2181.65966797,2161.37695313,2108.20385742,1859.53637695
2184.08422852,2164.39501953,1933.4979248,1889.18115234
2192.32177734,2175.05615234,1821.43383789,1945.38342285
2195.85839844,2180.21435547,1696.50598145,1734.89575195
2193.48291016,2178.8137207,1770.37365723,1734.96105957
2190.85009766,2175.71777344,2087.27929688,2150.73266602
2188.61694336,2170.20678711,2282.20214844,2379.07861328
2183.76782227,2161.39770508,2208.08422852,2109.29003906
2179.5769043,2155.11132813,2142.70092773,1869.26574707
2182.85961914,2156.1940918,2184.65185547,2003.4967041
2191.41992188,2160.63842773,2206.27001953,2186.87329102
2195.19384766,2162.13769531,2371.05493164,2270.0078125
2190.7956543,2161.01269531,2842.86206055,2517.74316406
2184.44116211,2160.8581543,3179.56274414,2809.69238281
2180.7800293,2161.76367188,2896.24731445,2663.52758789
2179.41455078,2162.79931641,2316.3684082,2153.32128906
2180.34619141,2165.92993164,2037.76342773,1839.46533203
2183.53833008,2171.89257813,1993.98486328,1832.88806152
2187.36889648,2177.26220703,1833.51257324,1820.74682617
2192.42944336,2179.171875,1713.59619141,1827.3972168
2198.28979492,2177.29907227,1929.32177734,2079.71459961
2197.20263672,2170.70654297,2226.65112305,2368.44311523
2185.14257813,2159.90356445,2208.12524414,2342.84838867
2173.89208984,2150.26196289,2011.59924316,2150.2668457
2174.6887207,2146.33642578,1977.39892578,2113.60742188
2179.69140625,2146.85888672,2060.37890625,2165.07739258
2178.35400391,2149.98413086,2108.19946289,2176.98095703
2177.58032227,2155.71850586,2269.09790039,2347.44848633
2186.01049805,2160.19165039,2612.47167969,2709.95117188
2194.56030273,2157.42602539,2796.82226563,2820.46948242
2191.30297852,2148.43603516,2575.58642578,2444.17382813
2180.93188477,2139.57226563,2200.11962891,1991.3939209
2174.08178711,2133.25927734,1979.12768555,1861.80529785
2170.02416992,2128.74169922,1904.82702637,1941.16711426
2162.82080078,2128.46679688,1935.70446777,2041.05432129
2155.70556641,2135.46948242,2121.60839844,2209.45092773
2157.48217773,2146.55102539,2298.96337891,2379.58911133
2167.28076172,2153.5769043,2202.50732422,2320.60839844
2173.04418945,2151.88696289,1972.00805664,2109.92163086
2168.52490234,2146.68457031,2024.89746094,2118.41064453
2163.26245117,2148.74169922,2361.04785156,2392.67041016
2167.69189453,2159.79980469,2490.72802734,2500.34326172
2176.38256836,2167.69824219,2183.9934082,2176.66552734
2177.7590332,2164.70605469,1883.74633789,1814.30407715
2172.7746582,2159.94873047,2100.58081055,1973.47900391
2170.47485352,2159.75952148,2644.12548828,2517.62963867
2172.42358398,2153.71240234,2883.94482422,2740.16772461
2174.38623047,2140.06469727,2691.98754883,2414.06884766
2176.07177734,2140.08129883,2546.91430664,2067.60180664
2178.43969727,2161.84570313,2674.40698242,2095.75537109
2178.07275391,2179.02978516,2836.94677734,2402.18530273
2172.02612305,2171.77416992,3069.05639648,2982.48022461
2163.5456543,2156.43896484,3670.21289063,3860.72802734
2159.08496094,2151.46850586,4297.98046875,4441.64208984
2161.69946289,2148.5012207,4156.36328125,4041.53881836
2167.6496582,2138.19433594,3346.88110352,3055.92675781
2170.43286133,2132.19995117,2940.99389648,2574.87817383
2169.62158203,2141.01757813,3405.52050781,2926.23608398
2170.5402832,2153.8425293,3963.03808594,3437.59106445
2173.1328125,2153.84448242,3838.57788086,3464.05322266
2170.80395508,2139.97216797,3272.00268555,3018.14501953
2162.74121094,2125.90600586,2920.42456055,2532.63891602
2155.78808594,2122.70727539,2919.23876953,2363.92236328
2153.37109375,2127.91186523,2975.73803711,2498.53149414
2154.23535156,2133.65722656,2974.86962891,2695.1262207
2159.40258789,2139.64355469,3000.74194336,2807.57226563
2168.63183594,2148.81860352,2951.93164063,2758.17480469
2174.49194336,2155.37280273,2643.76318359,2430.48535156
2170.4765625,2150.87207031,2259.38867188,1972.2779541
2161.40380859,2140.40625,2208.56640625,1858.57617188
2158.57568359,2139.30444336,2493.40527344,2209.7199707
2166.50830078,2152.80908203,2678.95410156,2500.62792969
2178.40039063,2168.79663086,2554.83154297,2376.05664063
2185.05786133,2173.07885742,2374.203125,2176.93969727
2185.72338867,2165.81323242,2358.73706055,2236.22802734
2185.92919922,2158.90429688,2386.93652344,2312.74682617
2186.41308594,2159.63525391,2282.32104492,2148.54077148
2182.6940918,2162.80883789,2080.87524414,1939.16174316
2175.65820313,2161.70336914,1924.81188965,1897.42468262
2171.94750977,2160.00537109,1926.60632324,1953.65478516
2172.30834961,2164.30932617,2136.03930664,2081.56274414
2170.39575195,2170.21850586,2419.43041992,2308.93920898
2165.59765625,2169.09936523,2454.11352539,2380.55810547
2165.92578125,2164.83251953,2110.09204102,2069.37939453
2173.56665039,2167.51928711,1718.51000977,1713.29272461
2178.54345703,2173.65380859,1667.06103516,1778.8807373
2174.26293945,2171.36645508,1896.27575684,2141.42163086
2168.90478516,2162.98022461,2113.85009766,2422.67407227
2171.26025391,2162.24438477,2277.57104492,2628.94506836
2175.03833008,2169.7644043,2484.54150391,2840.09643555
2168.95727539,2170.18505859,2596.65625,2772.65991211
2154.40771484,2156.04101563,2401.11499023,2268.16552734
2142.46606445,2139.41918945,2029.42272949,1753.07543945
2139.11621094,2134.79833984,1831.27099609,1669.82043457
2140.90600586,2140.21704102,1867.00048828,1841.25537109
2142.30249023,2143.69506836,1892.94384766,1879.25695801
2142.40112305,2142.16064453,1888.25927734,1893.2779541
2142.08276367,2141.0859375,2155.09130859,2247.53271484
2138.10083008,2139.21020508,2691.30541992,2778.92138672
2129.55859375,2132.12792969,2950.57714844,2885.53125
2126.88671875,2128.32470703,2604.42919922,2451.02124023
2138.15698242,2138.95654297,2074.78466797,2041.4119873
2151.94384766,2155.27636719,1870.35668945,1997.62646484
2153.55078125,2160.14599609,1888.08361816,2006.33703613
2147.45898438,2155.06762695,1839.10900879,1837.70666504
2143.85302734,2153.08349609,1841.60974121,1799.05627441
2141.50366211,2156.26586914,2077.78588867,2094.12695313
2141.52050781,2160.32177734,2312.22314453,2365.52441406
2152.23364258,2166.75439453,2248.64282227,2279.36206055
2167.22167969,2174.13134766,2049.92651367,2074.55053711
2168.33740234,2173.31054688,2076.39746094,2126.1340332
2157.06274414,2163.37207031,2315.47436523,2325.08007813
2151.5222168,2156.50390625,2467.70996094,2335.35961914
2153.36499023,2158.76049805,2485.57104492,2228.9375
2149.94238281,2161.63037109,2596.47729492,2339.48803711
2143.92602539,2159.67211914,2788.51977539,2589.15185547
2148.65917969,2160.29711914,2752.21679688,2555.91064453
2159.72558594,2167.24755859,2458.42089844,2222.63134766
2161.09082031,2171.1081543,2301.11962891,2046.54821777
2155.56958008,2167.82202148,2458.89941406,2204.25512695
2160.94116211,2168.59570313,2595.92480469,2354.54199219
2176.70263672,2177.546875,2439.07080078,2261.58666992
2182.921875,2180.34765625,2184.92089844,2116.28344727
2175.30102539,2170.70458984,2072.1328125,2094.29248047
2172.30029297,2164.17822266,2004.48999023,2065.34008789
2180.5378418,2169.35888672,1895.07446289,1950.20141602
2183.38623047,2171.62792969,1952.03747559,1971.14868164
2173.7722168,2161.7734375,2265.73999023,2238.92749023
2167.78027344,2153.75439453,2484.92456055,2411.74926758
2174.00170898,2158.16625977,2297.24121094,2176.11328125
2178.42041016,2163.70410156,1923.3416748,1788.04797363
2171.99975586,2160.61743164,1754.73303223,1667.98779297
2166.94140625,2159.29272461,1805.98901367,1778.89648438
2172.7265625,2168.74682617,1893.76757813,1904.46728516
2178.56176758,2176.77148438,2029.91845703,2121.10205078
2173.77880859,2170.78442383,2253.98486328,2463.48339844
2167.39135742,2161.77905273,2383.07495117,2611.65014648
2171.13208008,2165.22998047,2287.39160156,2413.89306641
2177.3762207,2172.32788086,2141.93408203,2197.66967773
2172.69067383,2165.89331055,2126.6315918,2177.93725586
2162.06396484,2152.2277832,2169.79736328,2158.2824707
2159.20605469,2148.75927734,2200.8425293,2086.25170898
2162.86328125,2152.36279297,2307.86669922,2203.96386719
2163.24414063,2149.25097656,2446.63549805,2433.72265625
2160.96484375,2142.96582031,2378.35351563,2363.5012207
2160.515625,2144.34228516,2090.28417969,2010.45922852
2157.24584961,2148.41625977,1878.69445801,1840.90576172
2146.87573242,2145.61352539,1863.33935547,1950.00183105
2135.76660156,2139.93554688,1869.34936523,2015.37939453
2131.49291992,2138.36865234,1889.41967773,2056.39306641
2134.30712891,2138.93334961,2115.19702148,2361.89086914
2141.06030273,2138.92919922,2415.94799805,2706.8605957
2147.47900391,2139.16137695,2407.32470703,2581.97314453
2148.74462891,2138.77954102,2137.64282227,2151.62329102
2145.89135742,2139.44238281,2058.78588867,2038.45385742
2146.71240234,2147.64794922,2254.67358398,2261.48413086
2154.94677734,2161.82226563,2374.32641602,2339.31860352
2163.96655273,2169.34375,2338.14501953,2261.51831055
2165.11889648,2165.28808594,2394.79321289,2368.66333008
2159.02319336,2160.35473633,2489.80151367,2490.21777344
2154.3684082,2163.35913086,2299.0378418,2199.71777344
2155.7734375,2169.34985352,1878.74694824,1700.69726563
2160.05493164,2172.22290039,1620.63317871,1531.85852051
2167.12060547,2177.23364258,1609.77612305,1671.07312012
2181.47900391,2190.15136719,1621.47338867,1768.05957031
2196.71459961,2201.91943359,1634.62890625,1879.28356934
2196.57617188,2199.12768555,1778.44360352,2176.02050781
2180.61132813,2186.40185547,1928.50280762,2383.45141602
2168.9152832,2181.0168457,1887.82116699,2250.00048828
2172.66381836,2186.21264648,1784.87976074,2070.12207031
2180.50952148,2189.39013672,1839.51208496,2128.32519531
2181.77001953,2187.37988281,1982.61352539,2216.60693359
2182.06396484,2191.38549805,2084.26049805,2184.21118164
2187.36254883,2202.74267578,2221.82543945,2260.48046875
2191.28222656,2206.06152344,2392.75073242,2445.35766602
2187.77026367,2194.05786133,2364.64868164,2356.84301758
2181.13183594,2178.984375,2097.43310547,1976.37536621
2174.94897461,2171.34741211,1887.92321777,1751.92663574
2165.4543457,2167.09228516,1893.41101074,1809.85510254
2153.16894531,2162.82958984,1958.04638672,1866.72558594
2145.74194336,2162.54907227,2007.4765625,1908.61889648
2143.90844727,2163.73852539,2137.47631836,2131.45776367
2140.9296875,2157.8581543,2285.4362793,2345.10009766
2136.45922852,2145.85351563,2274.67456055,2235.00976563
2133.3449707,2134.52270508,2151.36621094,1976.65771484
2127.32836914,2124.33520508,2096.9375,1904.35241699
2119.05688477,2117.28417969,2129.85986328,1949.76281738
2122.46484375,2121.65087891,2191.93847656,1971.06286621
2141.08911133,2134.80541992,2319.49365234,2114.81176758
2154.79541016,2141.27539063,2491.9387207,2379.90209961
2149.34448242,2137.61279297,2556.5168457,2419.22631836
2138.25341797,2137.15966797,2467.7421875,2142.23901367
2138.140625,2145.31762695,2357.21289063,1908.47253418
2143.34399414,2151.89379883,2298.49121094,1897.25842285
2141.2668457,2150.53466797,2250.45776367,1898.65454102
2135.22436523,2147.63085938,2224.99609375,1841.72009277
2135.60205078,2149.42138672,2269.1328125,1926.62817383
2140.10424805,2152.92504883,2316.78027344,2158.58398438
2139.5090332,2154.00292969,2248.62402344,2269.27001953
2136.83374023,2156.60180664,2070.78808594,2173.6496582
2142.6809082,2165.22436523,1934.57324219,2128.04736328
2153.23510742,2171.98608398,1971.59863281,2334.06616211
2152.91064453,2165.64111328,2098.25317383,2597.1496582
2140.71948242,2153.07617188,2057.0871582,2559.18310547
2133.79736328,2153.26074219,1776.45788574,2236.76000977
2141.46435547,2168.70166016,1528.61340332,2032.87658691
2154.04296875,2182.89697266,1527.13818359,2106.94677734
2159.82421875,2186.01464844,1648.54663086,2185.99023438
2157.89477539,2182.72631836,1804.26452637,2200.0144043
2152.99047852,2176.54443359,2153.79785156,2457.26196289
2148.39282227,2166.21264648,2627.36621094,2897.7175293
2144.47949219,2155.47387695,2769.87548828,2955.28051758
2140.140625,2150.5144043,2431.73754883,2506.14990234
2136.33886719,2150.4440918,2065.76586914,2133.92675781
2136.01782227,2150.66796875,2003.75024414,2159.48852539
2138.51928711,2151.09106445,2024.05859375,2258.41186523
2140.50195313,2154.28955078,1933.45288086,2247.46606445
2143.22290039,2159.84863281,1939.17126465,2348.68725586
2149.16479492,2163.83959961,2116.86914063,2504.4921875
2153.19433594,2162.20751953,2135.23828125,2334.58325195
2149.49145508,2155.69213867,1863.28039551,1915.75610352
2143.70703125,2151.08496094,1682.27294922,1768.9786377
2146.0144043,2154.33398438,1865.59423828,2012.28723145
2157.20361328,2164.76831055,2183.11694336,2286.23754883
2170.47412109,2178.23120117,2400.17138672,2449.98852539
2179.38208008,2189.6628418,2624.02685547,2621.453125
2179.24707031,2192.40966797,2884.42456055,2686.82275391
2169.98046875,2184.29052734,2897.57421875,2453.66723633
2158.37548828,2171.96679688,2533.0222168,2101.12548828
2149.81616211,2160.57373047,2088.3359375,1937.56591797
2143.18676758,2148.01879883,1867.50378418,1943.85546875
2139.95239258,2137.63500977,1833.11938477,1929.9822998
2145.78637695,2139.83154297,1852.59387207,1890.15441895
2157.52832031,2152.75463867,1975.40563965,1961.69226074
2164.38037109,2161.63964844,2259.94433594,2203.7746582
2165.3215332,2162.52954102,2550.56152344,2507.84399414
2167.68212891,2163.66943359,2645.69799805,2677.86010742
2169.15063477,2163.5300293,2547.69824219,2628.00268555
2161.28222656,2153.70239258,2360.91601563,2432.95117188
2148.80053711,2141.06567383,2090.40551758,2148.64770508
2145.44628906,2140.88085938,1751.46606445,1817.16821289
2152.69921875,2151.09008789,1523.90881348,1651.55566406
2159.72363281,2156.50634766,1554.19799805,1836.60400391
2161.60546875,2154.43823242,1738.66345215,2174.66259766
2162.88745117,2155.46264648,1915.90039063,2345.8972168
2165.21533203,2161.51879883,2090.71679688,2378.57299805
2163.91748047,2162.44677734,2251.68579102,2425.39013672
2157.65942383,2155.68310547,2231.36743164,2374.11425781
2153.48730469,2152.66015625,2030.23205566,2175.27612305
2158.48876953,2160.04443359,1967.23571777,2141.32885742
2168.984375,2168.59765625,2170.39526367,2389.64746094
2173.90063477,2168.75927734,2295.74389648,2503.20410156
2170.77441406,2164.72338867,2133.03930664,2266.83837891
2169.86889648,2163.48779297,1999.8190918,2089.35400391
2176.82983398,2161.99414063,2106.9362793,2201.90063477
2183.00561523,2155.79248047,2163.41308594,2260.29272461
2181.61181641,2149.60888672,2074.59130859,2195.0222168
2178.91650391,2149.06640625,2251.27075195,2448.93334961
2179.13598633,2151.45825195,2731.1887207,2949.64111328
2175.39599609,2153.10083008,2885.01782227,2978.62011719
2166.20507813,2156.66552734,2476.88256836,2418.68041992
2162.23901367,2164.45581055,2064.76220703,1959.47753906
2167.53710938,2172.82055664,1965.30310059,1878.87561035
2172.31298828,2178.01513672,1857.45544434,1837.65698242
2170.51464844,2180.36376953,1683.62145996,1860.04870605
2167.56298828,2181.0949707,1820.28356934,2235.86010742
2168.19580078,2181.96679688,2160.65820313,2613.42871094
2171.15454102,2186.34643555,2155.1496582,2437.77709961
2175.57421875,2193.80737305,1839.70788574,1993.11608887
2181.72412109,2197.83300781,1752.60058594,1911.93151855
2187.46191406,2195.23754883,1940.31054688,2154.41040039
2190.24462891,2191.53686523,2071.06591797,2417.43823242
2189.42407227,2191.24951172,2231.01318359,2813.76147461
2184.50634766,2190.83032227,2615.93554688,3292.71044922
2175.31567383,2186.55639648,2867.31152344,3270.04077148
2163.89331055,2180.8894043,2629.79833984,2594.90966797
2153.28491211,2176.1652832,2254.73803711,1973.68603516
2146.19726563,2170.57373047,2180.1550293,1859.91491699
2145.5222168,2164.89477539,2222.33984375,1897.57287598
2151.99267578,2164.63964844,2124.31347656,1865.34033203
2161.74438477,2171.27246094,2111.15625,2081.64013672
2171.42675781,2179.91625977,2325.81298828,2507.54223633
2183.10644531,2188.57641602,2418.11108398,2563.34277344
2196.96704102,2199.04223633,2198.10400391,2180.80444336
2203.97485352,2206.96289063,2021.61120605,1971.20275879
2196.5480957,2204.46459961,2126.96533203,2125.76000977
2181.59399414,2193.69458008,2265.50048828,2230.49926758
2170.47827148,2183.5168457,2291.38500977,2244.42456055
2162.9519043,2175.33105469,2414.45361328,2511.66992188
2155.11987305,2167.07397461,2635.81347656,2841.8918457
2152.42749023,2163.08886719,2637.94091797,2725.89086914
2157.52539063,2164.24780273,2386.9934082,2287.61230469
2158.99633789,2161.12451172,2181.85668945,1986.90527344
2150.66870117,2151.35449219,2101.28076172,1796.58032227
2145.83642578,2147.02563477,2032.3638916,1590.67224121
2154.62182617,2153.84741211,2076.45141602,1669.29370117
2165.89013672,2162.28027344,2309.76782227,2081.62182617
2167.08203125,2165.67382813,2448.69970703,2276.94189453
2162.37719727,2167.28564453,2307.97607422,2067.93261719
2159.54248047,2167.99291992,2161.14697266,1961.85095215
2158.23632813,2165.97558594,2215.25439453,2140.05224609
2158.88037109,2166.22460938,2306.69238281,2236.20458984
2165.10864258,2174.22973633,2414.75756836,2301.68115234
2173.24511719,2184.55224609,2743.03759766,2728.63671875
2174.09814453,2187.5559082,3094.55175781,3191.73486328
2166.5324707,2182.19848633,2998.3137207,2986.13793945
2158.11669922,2174.06298828,2563.31640625,2318.4387207
2153.26342773,2166.11425781,2342.31494141,1967.71643066
2150.1159668,2158.02978516,2368.5456543,1930.61499023
2147.9909668,2151.33862305,2239.57617188,1705.4510498
2148.95947266,2148.99829102,2030.6965332,1515.37695313
2151.62133789,2149.86279297,2146.04321289,1883.35522461
2151.21777344,2148.80126953,2414.31860352,2411.96606445
2146.8581543,2144.05322266,2319.62768555,2335.15454102
2141.83447266,2139.49951172,1968.51794434,1871.73620605
2137.69555664,2137.75146484,1888.22021484,1781.49536133
2134.86987305,2137.0637207,2084.76464844,2050.62597656
2135.89794922,2136.77441406,2199.42773438,2190.96386719
2140.97363281,2138.21337891,2301.99829102,2297.48974609
2144.86254883,2138.98632813,2647.79614258,2671.84228516
2143.62158203,2135.12304688,2977.14306641,2944.07617188
2138.96826172,2129.23876953,2876.06787109,2621.12597656
2134.30761719,2127.56713867,2499.20825195,2008.35876465
2132.90820313,2130.26318359,2263.46386719,1729.05090332
2137.52587891,2132.64941406,2211.97290039,1828.15539551
2144.54980469,2132.21508789,2193.17871094,1992.4206543
2144.57666016,2128.79052734,2206.18798828,2121.36987305
2135.61010742,2124.24926758,2188.90551758,2199.11279297
2126.4831543,2123.52612305,1968.63305664,2115.00146484
2122.28808594,2127.77392578,1670.90441895,1932.71862793
2119.02416992,2130.8034668,1664.3918457,1899.57324219
2115.91650391,2130.31494141,1995.17126465,2069.54663086
2118.24267578,2131.2265625,2381.36450195,2305.66503906
2126.27636719,2132.33154297,2714.67260742,2576.84619141
2136.12207031,2129.16748047,3034.2331543,2843.02661133
2149.58227539,2131.80102539,3161.43505859,2847.55175781
2168.10424805,2152.9987793,2925.39526367,2473.78662109
2182.18554688,2180.8059082,2572.38696289,2054.3828125
2182.39282227,2193.06445313,2436.36303711,1882.96203613
2174.23413086,2192.15795898,2440.38012695,1775.93811035
2167.94946289,2193.71704102,2392.71826172,1602.73388672
2162.36767578,2192.95092773,2442.35058594,1735.34973145
2152.67358398,2176.92456055,2741.57568359,2308.27124023
2144.35107422,2158.60571289,3011.9675293,2629.35424805
2144.56225586,2162.46801758,2945.34277344,2186.5144043
2148.50073242,2183.71777344,2696.33520508,1607.45043945
2149.99755859,2196.93725586,2564.02685547,1641.59155273
2156.09765625,2199.36865234,2576.18945313,1943.97998047
2171.77685547,2208.30053711,2706.59863281,1960.17700195
2181.45751953,2220.75756836,3020.63769531,2064.54711914
2170.75415039,2218.02807617,3343.77099609,2571.78027344
2153.74975586,2206.07641602,3308.64355469,2720.8137207
2150.43139648,2207.71850586,2916.68188477,2002.26464844
2154.77124023,2221.71679688,2543.93310547,1332.19213867
2155.09521484,2231.79418945,2347.83300781,1547.56066895
2161.2746582,2241.96191406,2203.53076172,1932.46252441
2180.26464844,2262.79296875,2157.50073242,1566.01428223
2193.84472656,2282.90283203,2357.36938477,982.097839355
2189.71362305,2288.68066406,2610.44506836,1196.66320801
2183.18847656,2288.12988281,2582.62060547,2009.71582031
2185.68408203,2290.11523438,2363.70166016,2379.79541016
2185.97045898,2288.48486328,2295.80004883,1865.95556641
2179.19702148,2283.72363281,2341.04199219,1010.93664551
2179.56445313,2289.89135742,2217.19067383,752.76184082
2191.25805664,2307.15161133,2069.39501953,1593.94104004
2198.1081543,2314.76489258,2290.86889648,2813.30419922
2191.7487793,2302.43725586,2689.9921875,2904.47216797
2183.80126953,2286.43188477,2636.7409668,1601.86743164
2182.37768555,2282.46728516,2094.18139648,594.070373535
2178.82885742,2281.08056641,1672.97387695,1064.43310547
2167.89111328,2268.91088867,1613.45019531,1833.74291992
2162.56616211,2259.52783203,1596.37329102,1553.88037109
2173.47265625,2272.54663086,1591.82397461,1102.84094238
2187.57446289,2292.48925781,1946.5546875,1672.01489258
2188.60913086,2290.53417969,2537.5625,2209.59643555
2186.34692383,2279.1171875,2741.17480469,1367.55871582
2197.03955078,2291.0065918,2389.14624023,460.450256348
2207.06567383,2311.97265625,1989.94055176,1492.23693848
2193.80541992,2300.17285156,1877.51367188,3197.8215332
2170.56835938,2265.03710938,1823.23937988,2358.48486328
2165.97729492,2253.44018555,1639.14172363,-705.633178711
2173.14306641,2266.65576172,1560.34680176,-1594.86950684
2168.91455078,2267.48095703,1784.7253418,2002.47753906
2164.19702148,2256.71191406,2074.07788086,6187.39892578
2181.63916016,2265.60107422,2099.23681641,4867.99609375
2205.75830078,2286.99682617,1896.81164551,-1725.96960449
2207.79370117,2286.19262695,1707.24401855,-4878.83886719
2195.94799805,2266.45263672,1575.38818359,1637.83239746
2194.42138672,2261.75708008,1420.56335449,9362.66796875
2198.79101563,2276.9765625,1342.01196289,5491.56884766
2192.15869141,2285.55322266,1503.02697754,-4643.99609375
2180.27514648,2276.63378906,1796.20043945,-4732.51318359
2177.85620117,2265.57055664,1946.37207031,3620.89282227
2181.15063477,2263.12939453,1890.20214844,5490.00976563
2178.46191406,2262.40429688,1794.00952148,4543.55175781
2171.63964844,2256.11914063,1774.59875488,16101.4609375
2169.83105469,2248.65771484,1830.17687988,30004.9589844
2173.17504883,2246.99365234,1958.62121582,21970.3085938
2175.71606445,2250.40332031,2127.38378906,1335.69921875
2177.92333984,2254.8137207,2193.64550781,1403.74975586
2184.69799805,2259.90722656,2050.42919922,22089.7402344
2193.63623047,2265.18896484,1800.6829834,30069.6132813
2197.11743164,2265.63525391,1625.21923828,16073.6113281
2195.3425293,2258.68554688,1569.07739258,4304.40917969
2194.68969727,2249.81518555,1618.32531738,4964.40820313
2195.02172852,2245.59448242,1821.88049316,3125.00708008
2192.89208984,2247.27197266,2127.30029297,-4719.88574219
2192.22607422,2252.84204102,2298.06225586,-4133.82910156
2196.12792969,2257.41821289,2218.328125,6032.90087891
2197.24291992,2253.78710938,2061.22241211,9706.20410156
2191.84619141,2242.54003906,1985.59997559,1932.54040527
2190.19750977,2236.36450195,1939.86816406,-4633.55908203
2198.83007813,2243.65258789,1892.54626465,-1750.35620117
2208.61523438,2255.13842773,1938.99597168,4651.31347656
2210.93530273,2256.39990234,2058.21630859,6198.90576172
2208.51049805,2245.9140625,2049.98632813,2404.60449219
2204.62841797,2233.75976563,1818.87463379,-1146.25427246
2198.45776367,2228.68676758,1524.57250977,-550.664489746
2192.71191406,2230.71240234,1389.88183594,2393.46655273
2192.69384766,2234.65429688,1470.13293457,3558.8581543
2198.68896484,2238.7668457,1644.68676758,2176.50366211
2205.76489258,2243.93432617,1786.38842773,890.260864258
2207.69677734,2244.29711914,1869.99853516,1249.5333252
2202.08398438,2233.52172852,1880.52075195,2081.06958008
2195.97045898,2222.12036133,1754.11083984,2066.15356445
2198.51708984,2226.15673828,1553.89672852,1719.51477051
2205.52612305,2238.21362305,1517.20703125,1987.27783203
2206.14941406,2238.56005859,1706.25073242,2400.69702148
2203.89477539,2231.34082031,1840.67077637,1979.38037109
2208.92578125,2233.90966797,1725.10241699,1159.43859863
2214.17333984,2238.58178711,1549.59301758,1273.59240723
2207.0612793,2226.1015625,1514.55786133,2326.38305664
2197.42431641,2206.01635742,1526.7298584,2826.62109375
2202.53295898,2202.28344727,1509.07397461,2076.98486328
2214.62304688,2213.11230469,1581.76538086,1230.41223145
2215.0,2221.89697266,1729.67834473,1506.45849609
2207.27587891,2227.9621582,1750.85412598,2482.37548828
2206.34301758,2235.12304688,1660.51513672,2868.85400391
2209.53149414,2234.20239258,1684.87084961,2266.23339844
2206.01293945,2221.69946289,1847.2388916,1520.78918457
2199.78442383,2210.48852539,2007.27429199,1612.62878418
2200.83398438,2207.00561523,2190.17700195,2512.79443359
2205.60131836,2202.60522461,2441.4128418,3203.7421875
2201.9453125,2192.05053711,2557.91259766,2916.09179688
2186.84716797,2178.43017578,2373.28442383,2107.89575195
2172.09814453,2165.02001953,2085.58300781,1753.86767578
2172.64306641,2158.92773438,1960.32141113,1947.58422852
2187.78344727,2168.2590332,1961.92895508,2009.2175293
2199.78393555,2184.58984375,1985.9317627,1809.69519043
2197.7175293,2188.03833008,2163.95581055,1947.0020752
2190.00488281,2175.10986328,2567.95385742,2499.45654297
2184.85961914,2161.4453125,2862.22802734,2680.77490234
2178.41723633,2157.97045898,2696.53735352,2136.50561523
2171.9753418,2162.55004883,2281.46459961,1624.89233398
2176.75976563,2170.15576172,2087.03979492,1804.36120605
2191.83618164,2176.36962891,2107.88964844,2187.11743164
2200.26513672,2175.55053711,1996.04992676,2066.33984375
2193.78613281,2164.98657227,1783.73120117,1720.65551758
2182.70507813,2149.74609375,1792.29296875,1778.27966309
2179.38061523,2140.74584961,1955.21984863,2072.42919922
2185.29516602,2144.79931641,1978.14782715,2137.31640625
2193.30615234,2153.88476563,2001.41662598,2201.41723633
2195.95336914,2151.97167969,2313.45214844,2641.38085938
2193.65258789,2137.73608398,2627.32983398,3036.97607422
2192.59643555,2127.20654297,2451.40795898,2785.92016602
2192.06079102,2127.77954102,1944.25500488,2145.96923828
2185.42260742,2129.1496582,1657.14428711,1793.49743652
2177.03686523,2126.6574707,1691.54443359,1841.71179199
2178.85644531,2128.85742188,1767.03637695,1996.4296875
2186.93505859,2134.78466797,1824.8729248,2162.23266602
2184.99194336,2130.77734375,1959.94763184,2314.3034668
2172.734375,2116.09521484,2020.62658691,2262.94238281
2164.30834961,2105.17163086,1817.39111328,1995.97607422
2161.10864258,2102.16235352,1539.58605957,1836.01074219
2154.8112793,2098.97192383,1521.02563477,1980.53967285
2151.23095703,2095.62988281,1735.94750977,2261.92138672
2161.32617188,2097.78515625,1906.37158203,2490.82568359
2176.55737305,2100.52319336,1986.9609375,2666.77416992
2179.94726563,2095.65234375,2160.02441406,2775.06787109
2171.08056641,2085.49951172,2408.08837891,2707.10595703
2159.29394531,2075.48266602,2481.5625,2465.75610352
2146.49609375,2065.97729492,2315.17163086,2220.56396484
2132.69287109,2058.23803711,2121.25708008,2093.90942383
2123.07739258,2053.8347168,2027.10766602,2054.83276367
2119.4855957,2048.57958984,1978.86608887,2085.06933594
2118.56005859,2040.29443359,2039.46801758,2280.57177734
2120.59643555,2035.41503906,2354.67211914,2633.72998047
2127.07763672,2037.25976563,2749.87744141,2868.23999023
2133.11743164,2039.75488281,2825.82739258,2756.34008789
2134.41186523,2039.69482422,2549.93798828,2479.52441406
2134.37988281,2040.63110352,2290.8371582,2363.15112305
2135.51953125,2041.8894043,2234.89672852,2415.90087891
2134.96240234,2039.00134277,2265.06982422,2479.11547852
2134.61938477,2034.21386719,2362.28320313,2576.58154297
2140.94091797,2032.81567383,2568.19628906,2709.4765625
2150.01660156,2032.87243652,2659.10058594,2626.96655273
2149.22436523,2029.84326172,2428.26171875,2235.17236328
2137.40600586,2025.59228516,2127.33325195,1886.24853516
2127.203125,2023.98291016,2101.52929688,1882.42053223
2124.96679688,2023.75854492,2244.40332031,2077.28564453
2125.06494141,2022.98583984,2296.82763672,2251.61352539
2125.60009766,2024.76293945,2336.61132813,2432.77709961
2131.31835938,2031.36499023,2506.90673828,2617.40771484
2139.08227539,2037.56030273,2636.1887207,2641.36352539
2139.63183594,2037.64941406,2540.33349609,2487.39282227
2134.61645508,2034.21923828,2354.68457031,2341.9609375
2133.421875,2031.52099609,2281.03857422,2320.81713867
2136.38842773,2028.18164063,2323.27246094,2411.82250977
2138.32275391,2025.5847168,2416.21655273,2566.38037109
2139.65356445,2030.78540039,2536.93237305,2675.91870117
2139.63818359,2041.88012695,2646.90063477,2658.66137695
2132.81103516,2046.90319824,2686.44555664,2587.91186523
2121.8918457,2043.65246582,2574.3293457,2514.01977539
2116.66308594,2041.36193848,2241.94970703,2345.72070313
2117.37133789,2041.84887695,1839.35925293,2130.5847168
2117.70581055,2040.52001953,1713.17797852,2107.93701172
2118.99633789,2041.23864746,1939.69677734,2301.43408203
2123.78833008,2048.7265625,2181.8659668,2457.77246094
2125.81298828,2055.40649414,2226.02050781,2469.56005859
2120.77368164,2053.89453125,2272.75561523,2481.38061523
2115.66503906,2050.60473633,2502.65600586,2577.15527344
2118.1081543,2053.70263672,2733.47900391,2631.91674805
2124.78271484,2059.49853516,2702.85766602,2477.54199219
2125.36108398,2059.90234375,2455.28149414,2161.56811523
2116.23510742,2055.15478516,2267.02392578,1974.59753418
2106.85107422,2052.28369141,2247.34057617,2059.68017578
2105.22509766,2052.49487305,2243.08129883,2210.72143555
2103.11230469,2047.51635742,2246.89282227,2348.15209961
2092.47094727,2035.26000977,2522.96362305,2711.52099609
2085.91625977,2029.38903809,3024.84570313,3198.046875
2095.5859375,2038.75683594,3208.27246094,3247.68823242
2107.04614258,2049.69189453,2871.23803711,2793.18237305
2103.81225586,2047.86999512,2556.11303711,2434.17138672
2097.85644531,2041.81958008,2635.92993164,2385.98486328
2104.26586914,2043.05187988,2748.14086914,2281.27929688
2109.09716797,2042.46655273,2607.21606445,2120.1171875
2095.72192383,2030.49450684,2532.04248047,2278.87231445
2079.42529297,2020.4387207,2706.07299805,2586.57373047
2081.82666016,2026.91870117,2766.39819336,2516.32519531
2093.10522461,2039.43896484,2521.42016602,2169.359375
2093.89038086,2041.50476074,2289.32080078,2058.84033203
2093.40307617,2039.68859863,2280.87670898,2206.46606445
2109.2824707,2049.04956055,2370.48217773,2349.87744141
2128.41333008,2062.75170898,2538.48730469,2590.38110352
2125.80273438,2061.60327148,2849.67358398,3010.57055664
2106.68823242,2045.19995117,3063.91333008,3187.59179688
2095.11035156,2030.7791748,2887.02197266,2821.98364258
2097.046875,2028.53503418,2446.83203125,2300.14477539
2105.03051758,2036.71313477,2049.9621582,2058.41064453
2119.68579102,2051.2512207,1769.3157959,1992.65197754
2140.05517578,2064.97875977,1631.5513916,1939.35253906
2152.27124023,2068.8894043,1769.6072998,2065.6887207
2147.90380859,2064.01025391,2056.12255859,2371.25976563
2136.24780273,2060.31396484,2076.14819336,2460.25463867
2129.02319336,2063.23291016,1771.98754883,2197.50805664
2129.05834961,2073.34545898,1612.17932129,1993.08666992
2134.39599609,2090.30371094,1850.9855957,2110.59277344
2139.31469727,2104.24536133,2173.71630859,2297.17651367
2136.36083984,2099.05957031,2340.71508789,2384.50878906
2127.28173828,2076.18066406,2552.07739258,2585.18896484
2123.61157227,2057.625,2866.98681641,2881.55126953
2130.59057617,2057.22021484,2945.01904297,2844.91796875
2139.76733398,2065.8828125,2706.80322266,2406.76586914
2141.50708008,2070.09570313,2553.36401367,2073.39575195
2136.67016602,2069.45117188,2629.78417969,2084.02709961
2131.21459961,2070.3828125,2609.88256836,2137.19091797
2125.71557617,2072.78710938,2431.42724609,2134.5
2118.11157227,2071.13989258,2442.01342773,2309.69311523
2112.3671875,2065.99072266,2654.91943359,2516.19384766
2113.48657227,2064.33984375,2679.00561523,2343.22509766
2117.1171875,2066.30053711,2468.87182617,1957.43029785
2115.73950195,2063.03662109,2358.16186523,1883.02819824
2110.94970703,2053.35498047,2395.06054688,2096.33251953
2108.87548828,2049.71508789,2397.16088867,2253.73657227
2109.45019531,2060.07788086,2474.89282227,2445.10205078
2108.94238281,2075.23706055,2771.26586914,2811.04492188
2107.49804688,2083.24511719,2984.03613281,2963.07006836
2109.62768555,2086.86279297,2817.22094727,2638.44262695
2119.28540039,2094.97851563,2508.52685547,2251.59448242
2132.83862305,2103.8112793,2353.42089844,2118.9230957
2139.77539063,2102.82714844,2239.87182617,1995.24523926
2136.76660156,2095.47070313,2102.57958984,1851.55700684
2132.27929688,2093.89501953,2174.42700195,2052.12402344
2130.45678711,2096.06738281,2421.92016602,2437.94921875
2126.64111328,2091.37817383,2456.01123047,2400.22851563
2123.34936523,2083.80615234,2248.23803711,2012.49914551
2128.66967773,2084.37451172,2183.18139648,1906.51062012
2137.91894531,2089.20361328,2322.0480957,2119.99853516
2139.44702148,2088.70483398,2406.9699707,2264.13525391
2134.10913086,2085.88427734,2512.24438477,2484.88818359
2129.98144531,2086.32763672,2853.17236328,3027.37255859
2127.63134766,2085.81152344,3138.98828125,3358.17382813
2124.32104492,2080.85375977,2948.04614258,2926.59204102
2120.90063477,2075.62011719,2485.9465332,2208.47753906
2117.67407227,2072.86132813,2213.13085938,1930.30114746
2114.18603516,2071.70068359,2072.00756836,1948.87866211
2112.78491211,2073.02905273,1794.76013184,1833.86010742
2114.29589844,2076.84472656,1575.27563477,1791.2043457
2115.86474609,2079.64282227,1725.78210449,2117.97802734
2117.59863281,2079.66088867,2011.29638672,2443.98754883
2121.77758789,2077.39575195,1996.01953125,2336.3203125
2123.81738281,2071.11645508,1779.81335449,2069.13916016
2116.66455078,2060.86889648,1765.68371582,2083.16381836
2105.5637207,2053.89648438,1934.03564453,2226.37768555
2104.13769531,2056.49633789,1980.06518555,2186.3527832
2113.39599609,2063.96435547,1963.26367188,2146.80932617
2120.49682617,2067.48388672,2160.28076172,2370.0859375
2121.30541992,2066.91967773,2439.37084961,2608.37207031
2124.55908203,2067.31225586,2426.74243164,2514.01464844
2129.73803711,2067.58227539,2146.82006836,2202.46923828
2125.17871094,2064.73999023,1921.8203125,1959.40466309
2113.74731445,2064.94140625,1822.58618164,1823.63903809
2113.71020508,2076.40234375,1735.56201172,1793.95239258
2127.51782227,2093.92382813,1746.69775391,2013.30163574
2135.16796875,2103.64990234,1973.74243164,2452.2109375
2125.27246094,2102.12963867,2227.24389648,2766.2121582
2111.22680664,2099.86083984,2253.90893555,2726.94262695
2109.10791016,2105.14208984,2120.09521484,2526.61743164
2115.81005859,2113.23608398,2025.43322754,2440.39794922
2119.84667969,2116.65161133,1977.19812012,2451.48071289
2122.96582031,2118.54150391,1947.33679199,2453.70776367
2133.60449219,2123.7487793,2057.16235352,2522.89208984
2143.76806641,2123.50073242,2286.7902832,2650.44482422
2137.03710938,2109.23193359,2318.1809082,2535.19702148
2120.06567383,2095.34667969,2010.06774902,2068.98583984
2117.30786133,2102.07983398,1708.27160645,1700.99902344
2132.42993164,2122.43383789,1735.2097168,1838.86303711
2145.73657227,2134.53564453,1906.61022949,2206.97241211
2149.60888672,2136.63452148,1917.52185059,2308.47680664
2153.96704102,2140.08496094,1848.51464844,2200.51245117
2158.60400391,2141.28930664,1881.28540039,2233.65063477
2151.83764648,2131.39160156,1882.70336914,2334.06518555
2135.00439453,2120.28125,1744.08276367,2234.18725586
2122.55078125,2122.80834961,1775.49401855,2162.47900391
2120.85717773,2133.43115234,2235.74853516,2520.96728516
2125.67480469,2137.47460938,2788.12817383,3051.68505859
2133.73266602,2134.78540039,2939.08203125,3123.97827148
2141.80566406,2132.92553711,2713.84594727,2709.79370117
2143.37231445,2130.18603516,2437.71240234,2317.74365234
2138.29418945,2122.49682617,2188.26635742,2133.36767578
2134.76757813,2114.40966797,1898.10876465,1939.61584473
2133.49609375,2109.10449219,1674.27770996,1709.39331055
2125.42749023,2100.89892578,1641.77197266,1646.04431152
2111.31396484,2088.69775391,1734.15039063,1776.13366699
2103.87133789,2081.98510742,1864.76269531,1943.98425293
2105.5793457,2084.65307617,2036.93664551,2058.2746582
2106.22509766,2088.33813477,2186.72680664,2106.32592773
2105.5559082,2088.57104492,2222.97827148,2122.91552734
2114.6484375,2091.82568359,2242.19726563,2216.99804688
2132.07861328,2100.59863281,2376.58813477,2400.03027344
2142.35522461,2107.11401367,2492.66308594,2466.53613281
2141.41259766,2108.74121094,2416.73388672,2318.57739258
2141.703125,2114.40722656,2329.63720703,2213.56787109
2147.73266602,2126.44750977,2470.1887207,2337.92651367
2147.48754883,2131.43139648,2599.08642578,2394.06079102
2135.41699219,2121.91259766,2335.23730469,2072.36181641
2125.08129883,2111.80786133,1896.06677246,1670.43798828
2128.47802734,2114.33984375,1836.05310059,1674.45568848
2138.44360352,2121.34838867,2144.84155273,1957.51904297
2142.70922852,2121.9387207,2346.29541016,2060.97167969
2141.48461914,2122.73950195,2421.11743164,2082.27954102
2140.38110352,2130.9855957,2787.23144531,2490.33325195
2138.53686523,2137.27856445,3345.57519531,3121.40283203
2133.39624023,2133.04882813,3441.53076172,3229.00268555
2127.31274414,2126.1159668,2936.26953125,2657.85668945
2122.86621094,2124.30737305,2484.57128906,2124.04589844
2118.828125,2121.92456055,2499.24389648,2072.66796875
2113.96191406,2114.16259766,2598.64794922,2103.7722168
2110.58911133,2108.55029297,2417.1574707,1926.5838623
2113.09545898,2112.1315918,2271.91674805,1996.88183594
2122.77832031,2119.73535156,2541.37524414,2586.70678711
2133.81054688,2123.02929688,2917.43017578,3040.81738281
2138.25561523,2122.49755859,2869.71972656,2747.0534668
2136.29443359,2123.16699219,2496.53369141,2142.81176758
2135.27832031,2124.3293457,2269.64160156,1924.03442383
2137.97314453,2121.68164063,2190.57861328,1940.26037598
2139.15258789,2116.13671875,1931.35595703,1765.60888672
2134.2980957,2111.48901367,1635.68139648,1662.89257813
2125.27832031,2106.66845703,1753.36401367,2000.32470703
2117.22485352,2100.68994141,2167.46142578,2374.52368164
2114.01391602,2100.42773438,2328.4831543,2292.68310547
2116.86254883,2110.90307617,2174.19702148,2079.41821289
2124.79614258,2124.03833008,2100.67431641,2210.06591797
2134.6628418,2130.4921875,2186.19580078,2447.22387695
2140.68286133,2134.05419922,2241.28198242,2447.86889648
2137.92553711,2140.90307617,2356.9831543,2444.51879883
2129.29296875,2146.66064453,2638.890625,2595.78930664
2124.24682617,2147.40405273,2763.78881836,2512.72827148
2126.51147461,2148.74682617,2486.75317383,2075.25170898
2129.97558594,2152.67260742,2132.84570313,1823.63330078
2131.68115234,2153.01831055,2029.90332031,2004.64819336
2137.88232422,2151.68579102,2019.74060059,2166.64770508
2149.25830078,2158.40478516,1963.65930176,2102.12695313
2154.39086914,2170.91845703,2061.22070313,2173.65014648
2148.99707031,2177.87817383,2308.68408203,2398.0065918
2144.81689453,2179.01855469,2346.23730469,2301.75537109
2147.64355469,2179.84619141,2128.67529297,1936.54492188
2147.42236328,2175.91235352,2059.71191406,1923.78601074
2141.47680664,2164.73779297,2274.43310547,2324.21850586
2141.79614258,2158.02734375,2463.68530273,2566.12597656
2148.64990234,2161.90527344,2505.90600586,2530.72753906
2145.78393555,2164.26318359,2601.40307617,2595.64233398
2130.57421875,2157.29541016,2736.14501953,2691.49511719
2120.14477539,2150.55395508,2652.38745117,2434.26171875
2122.30664063,2150.69238281,2363.00878906,2024.73937988
2126.86816406,2151.0456543,2149.59936523,1982.66796875
2127.4284668,2148.8347168,2116.47998047,2251.45996094
2129.56445313,2151.87963867,2183.30004883,2440.0871582
2137.02392578,2162.74243164,2333.52661133,2531.92602539
2144.84008789,2172.22338867,2498.48681641,2611.21704102
2147.07861328,2172.76806641,2462.44433594,2455.38208008
2145.22753906,2168.4855957,2187.61157227,2048.30419922
2146.45141602,2168.47705078,1933.26184082,1853.16687012
2152.34960938,2174.57324219,1870.49047852,2062.02001953
2155.14868164,2179.52758789,1934.07958984,2289.07226563
2151.38525391,2177.57788086,2108.88745117,2346.32006836
2149.41821289,2171.77368164,2413.16699219,2474.93505859
2153.79052734,2166.99975586,2606.00561523,2595.60107422
2155.68383789,2162.05737305,2422.66015625,2314.32836914
2149.91699219,2156.01733398,2067.54638672,1813.55786133
2146.01318359,2156.10571289,1964.39147949,1708.25842285
2151.90405273,2168.77685547,2112.3581543,1986.55285645
2162.12060547,2186.9050293,2198.22265625,2106.57299805
2169.64648438,2196.92651367,2182.90771484,2024.25476074
2174.18603516,2196.71289063,2255.3190918,2130.31103516
2175.01757813,2195.74511719,2387.04394531,2367.39575195
2170.48950195,2198.58300781,2416.23022461,2321.36547852
2165.1574707,2199.77563477,2395.85009766,2008.68286133
2165.43334961,2197.1159668,2483.1574707,1863.0378418
2170.96411133,2197.54711914,2659.38037109,2063.90551758
2177.48999023,2202.95532227,2779.24389648,2333.90087891
2181.38574219,2201.89135742,2726.95996094,2349.39697266
2178.20556641,2186.91625977,2478.43457031,2113.72045898
2165.86303711,2169.04174805,2168.34619141,1878.21716309
2150.19042969,2160.99194336,2003.66650391,1801.07714844
2140.32275391,2158.86889648,2032.13305664,1874.40527344
2140.5456543,2156.14233398,2204.35595703,2156.62963867
2149.15722656,2159.27734375,2584.23901367,2721.67407227
2159.33422852,2170.68676758,3133.19311523,3312.32373047
2161.55029297,2174.93237305,3465.21875,3442.20214844
2151.9777832,2161.81616211,3254.72363281,2954.11889648
2135.89575195,2144.07373047,2681.95703125,2190.72460938
2120.31884766,2135.78466797,2148.14355469,1613.28564453
2110.76391602,2134.56030273,1842.49536133,1450.08862305
2113.21240234,2136.81787109,1778.79345703,1610.89331055
2126.96923828,2146.7043457,1910.57531738,1835.609375
2139.26171875,2160.9440918,2126.234375,2026.88586426
2138.80908203,2167.265625,2364.6484375,2308.98144531
2129.94482422,2163.25610352,2620.13818359,2619.76269531
2125.58544922,2158.84399414,2750.95507813,2624.7512207
2132.29077148,2159.53491211,2613.59130859,2269.42504883
2145.59838867,2161.15771484,2365.42236328,1933.51989746
2154.48242188,2158.65722656,2228.61401367,1826.32910156
2150.31176758,2149.88256836,2125.2734375,1774.03027344
2134.52490234,2134.77270508,1955.52893066,1725.73681641
2116.16723633,2118.24951172,1909.02368164,1863.34753418
2103.75219727,2109.93359375,2102.59619141,2130.06323242
2102.90332031,2115.59399414,2294.21166992,2208.02124023
2115.49072266,2130.93041992,2271.66259766,2009.95080566
2134.14648438,2145.83154297,2160.41699219,1797.17785645
2144.53857422,2152.71582031,2164.91015625,1831.96801758
2140.6875,2149.89379883,2302.05371094,2108.72045898
2131.56225586,2139.47265625,2448.83496094,2356.48974609
2126.25952148,2125.04907227,2478.59033203,2322.86621094
2120.72436523,2111.25830078,2384.67285156,2115.6652832
2107.23095703,2101.97558594,2290.02929688,2034.5390625
2090.42041016,2097.45385742,2260.65014648,2087.20947266
2083.92895508,2096.25610352,2258.94946289,2108.36206055
2092.99169922,2099.77929688,2347.13769531,2219.79443359
2108.75805664,2109.27636719,2621.36083984,2566.06811523
2120.61962891,2119.47705078,2888.69604492,2817.18286133
2126.76635742,2123.6652832,2817.53955078,2604.81079102
2129.69995117,2124.31103516,2446.95043945,2173.85864258
2129.32446289,2129.28857422,2138.54052734,1982.92041016
2127.15527344,2139.38452148,2040.9921875,1999.10449219
2130.67749023,2149.45678711,2003.31677246,1946.82946777
2143.84106445,2158.06054688,1974.50402832,1901.92626953
2156.65136719,2164.64868164,2076.81103516,2087.09594727
2154.4465332,2162.83398438,2252.34619141,2323.24023438
2137.8527832,2149.66259766,2217.5300293,2229.37548828
2124.54370117,2135.89160156,1910.48022461,1882.26977539
2127.4128418,2133.41552734,1659.65966797,1748.05493164
2138.58422852,2138.51416016,1699.18933105,1942.62866211
2142.63671875,2140.67285156,1849.53039551,2131.49365234
2138.83203125,2140.04882813,1933.65637207,2216.98999023
2137.38916016,2142.12084961,2087.74487305,2432.24267578
2138.64160156,2143.97583008,2328.54760742,2663.31518555
2133.68139648,2140.91577148,2317.640625,2485.66625977
2124.54980469,2138.20532227,1948.67700195,1995.55432129
2124.17871094,2142.12036133,1637.02844238,1768.54394531
2133.8762207,2147.56347656,1668.62414551,1922.50537109
2139.70410156,2146.87719727,1832.65344238,2065.07788086
2135.99975586,2142.5,1957.44445801,2121.02563477
2134.37695313,2139.94921875,2148.93530273,2314.60498047
2141.01464844,2136.08203125,2309.77758789,2466.30712891
2142.67724609,2124.83691406,2144.20776367,2238.90234375
2129.79223633,2109.85473633,1778.54577637,1893.15405273
2117.56762695,2101.99291992,1673.11584473,1912.2578125
2124.24243164,2105.80737305,1882.03674316,2169.89257813
2142.40942383,2116.38134766,2072.91723633,2284.70019531
2153.76879883,2128.70996094,2184.21533203,2346.80688477
2157.01733398,2141.07983398,2378.34960938,2523.13134766
2159.0402832,2149.14086914,2511.12695313,2517.56274414
2156.23242188,2147.50317383,2329.93505859,2132.50927734
2145.70288086,2138.9465332,2019.55737305,1749.63586426
2137.21118164,2132.51953125,1938.76159668,1695.10437012
2137.53588867,2131.56762695,2030.39831543,1777.44165039
2139.87744141,2131.31665039,2050.69140625,1843.28015137
2138.40698242,2127.81542969,2123.06030273,2104.88330078
2136.89916992,2123.08251953,2485.078125,2592.3034668
2138.41308594,2121.56445313,2913.6105957,2894.98095703
2140.87548828,2124.796875,2989.15405273,2751.88842773
2143.33764648,2129.93383789,2745.73364258,2421.66650391
2144.90844727,2133.07275391,2490.7121582,2195.12036133
2140.76782227,2132.69873047,2207.99584961,1973.4753418
2129.73413086,2128.64453125,1756.55847168,1659.27807617
2120.76318359,2121.32421875,1393.16137695,1515.82629395
2121.98168945,2114.83007813,1438.296875,1690.92431641
2129.05444336,2115.25268555,1713.42614746,1863.0333252
2134.22070313,2122.68505859,1914.03942871,1869.07043457
2139.46069336,2131.25732422,2149.65600586,2087.78271484
2148.82641602,2138.12646484,2548.99365234,2634.66333008
2155.71484375,2144.54150391,2796.46386719,2906.41308594
2152.34106445,2149.69555664,2602.8112793,2541.04443359
2144.62329102,2152.55761719,2206.68920898,2038.55639648
2142.375,2155.63256836,1981.14282227,1869.37243652
2142.77807617,2158.75292969,1945.49768066,1837.7767334
2139.32495117,2156.84838867,1992.4744873,1805.68676758
2136.96655273,2150.12548828,2211.08398438,2091.86132813
2141.4909668,2145.08496094,2652.70654297,2682.22143555
2145.03515625,2141.80151367,3040.29907227,2939.77270508
2138.38842773,2134.40161133,3044.50927734,2541.84985352
2126.31079102,2124.5871582,2739.38793945,1973.53112793
2117.99731445,2119.38427734,2477.28222656,1743.52185059
2114.53857422,2118.65161133,2361.85791016,1733.58435059
2113.99487305,2119.06982422,2211.83154297,1655.83984375
2116.97119141,2123.42382813,2035.671875,1622.63757324
2123.27661133,2133.39892578,2066.53857422,1840.49841309
2131.13549805,2142.08374023,2277.30419922,2112.81469727
2137.8828125,2142.9440918,2378.06835938,2123.41967773
2138.88818359,2137.67016602,2334.89282227,1970.53820801
2133.21948242,2130.81469727,2367.26831055,1961.29931641
2127.95288086,2125.43066406,2469.21337891,2106.32104492
2128.12646484,2125.75244141,2477.09594727,2253.19116211
2131.01293945,2136.33154297,2500.55419922,2435.95141602
2136.50830078,2155.9453125,2732.00195313,2671.67529297
2147.83227539,2176.45654297,2980.07910156,2734.68579102
2159.23852539,2190.37475586,2904.57006836,2481.9909668
2161.06176758,2197.07470703,2531.71606445,2074.47314453
2154.87915039,2198.51635742,2125.38720703,1709.69799805
2148.42211914,2193.9050293,1807.33947754,1508.35083008
2144.08325195,2184.97680664,1639.77905273,1629.06750488
2142.88769531,2179.29882813,1749.49133301,2051.61010742
2146.95874023,2180.19848633,2065.43774414,2402.94067383
2153.18798828,2182.22558594,2261.93066406,2421.46484375
2156.6171875,2182.17553711,2183.1574707,2316.48022461
2157.98217773,2182.7980957,2013.40209961,2318.56738281
2158.8605957,2183.58422852,1937.5513916,2312.99780273
2157.4284668,2181.44580078,1972.82116699,2252.74853516
2154.91625977,2178.90576172,2135.2265625,2391.52246094
2155.63916016,2179.03833008,2412.67114258,2755.1184082
2157.44897461,2177.39575195,2608.84814453,2924.55175781
2152.59204102,2169.23168945,2523.63818359,2657.57519531
2140.63720703,2158.52294922,2216.43310547,2222.24023438
2132.22583008,2153.24145508,1887.6295166,1911.32836914
2136.06396484,2156.91381836,1652.90100098,1729.4453125
2148.80395508,2167.8425293,1561.18798828,1670.11572266
2163.73120117,2182.57617188,1629.93127441,1814.65234375
2180.23583984,2196.47509766,1786.18688965,2095.6940918
2193.92944336,2201.77319336,1932.46643066,2314.81347656
2191.31958008,2193.02099609,2026.02404785,2344.4375
2171.14257813,2178.85205078,2002.21789551,2158.32324219
2154.42871094,2176.6184082,1839.5748291,1897.38647461
2155.49121094,2188.10620117,1749.16027832,1884.82849121
2162.75292969,2196.08349609,1926.16418457,2182.0300293
2163.58740234,2191.70922852,2129.94433594,2339.40307617
2163.97338867,2185.40307617,2010.95471191,2089.25439453
2169.43896484,2184.55444336,1732.93505859,1845.18127441
2171.45581055,2183.39306641,1663.54907227,1934.34082031
2166.51245117,2181.06445313,1716.3515625,2031.22070313
2166.56640625,2186.11132813,1705.46716309,1999.72167969
2177.01269531,2195.52294922,1911.70629883,2341.76757813
2183.18066406,2192.16113281,2480.31835938,3076.26416016
2173.41137695,2173.13110352,2819.70654297,3302.97143555
2158.83520508,2159.05786133,2464.21142578,2656.18115234
2153.25097656,2162.00292969,1893.14404297,1977.01757813
2150.24267578,2166.09765625,1689.51879883,1844.28710938
2141.0534668,2157.02392578,1660.35644531,1777.22766113
2137.29907227,2147.50341797,1536.79504395,1522.44262695
2150.734375,2151.98901367,1632.01586914,1655.92199707
2167.46948242,2159.52441406,2062.6418457,2261.12695313
2168.91186523,2156.24682617,2269.79663086,2491.16333008
2161.76416016,2151.16162109,1991.41149902,2059.28540039
2161.1484375,2153.85522461,1754.78649902,1737.11291504
2162.20605469,2151.82055664,1876.22583008,1898.36694336
2155.84790039,2137.11523438,1999.84960938,2021.83789063
2153.51318359,2129.05712891,2018.94628906,1976.19116211
2166.48803711,2141.99609375,2314.07250977,2268.38671875
2178.71679688,2157.18579102,2764.35473633,2763.46508789
2170.64648438,2154.53027344,2719.42553711,2697.89208984
2153.00878906,2145.27661133,2177.64794922,2104.78564453
2147.66967773,2146.86474609,1804.32653809,1751.79284668
2152.46289063,2152.27148438,1724.15576172,1741.04577637
2152.71435547,2148.81811523,1514.90637207,1614.0723877
2149.8359375,2142.57373047,1298.66442871,1541.39099121
2152.80737305,2143.02563477,1558.58203125,1952.02124023
2157.5703125,2145.08325195,2036.43505859,2416.77124023
2156.49853516,2142.63134766,2064.89331055,2284.27148438
2154.23242188,2141.70043945,1768.75439453,1886.84448242
2157.08056641,2147.45581055,1770.12097168,1888.10375977
2157.87426758,2151.73803711,2027.43823242,2124.42919922
2145.67285156,2144.05004883,2070.23950195,2181.12963867
2124.8684082,2127.87890625,1988.38500977,2286.19628906
2112.37524414,2118.08496094,2147.25732422,2640.71899414
2116.12133789,2123.60473633,2335.05029297,2750.07397461
2127.7890625,2138.79199219,2126.65649414,2293.36425781
2138.91992188,2152.93481445,1696.66540527,1789.11071777
2149.46875,2161.45947266,1513.27722168,1721.41418457
2156.89428711,2164.5769043,1627.41650391,1870.11413574
2156.32592773,2163.43823242,1822.0859375,1972.78088379
2155.35571289,2162.86816406,2028.3840332,2152.33935547
2165.85400391,2169.19287109,2193.65209961,2360.34521484
2180.71118164,2180.44067383,2162.98266602,2264.35961914
2184.01855469,2187.48071289,1946.99414063,1904.26611328
2178.74194336,2187.27758789,1774.00109863,1721.1907959
2177.14624023,2184.43554688,1822.47583008,1888.16357422
2176.17749023,2180.21484375,2140.4074707,2211.00268555
2170.05981445,2173.76367188,2658.34765625,2540.7121582
2168.50146484,2170.95898438,3078.30883789,2776.08081055
2176.04052734,2175.43676758,3056.66918945,2734.09033203
2177.30664063,2177.16821289,2650.95483398,2410.79199219
2165.55004883,2168.23510742,2242.06591797,2056.86035156
2157.63842773,2159.3449707,2010.57727051,1831.01367188
2162.31103516,2161.04370117,1899.3392334,1754.99951172
2164.21777344,2163.49902344,1948.44763184,1910.28747559
2154.30249023,2155.77587891,2162.47875977,2206.39501953
2145.70092773,2147.61083984,2248.23071289,2254.8828125
2147.3605957,2151.15869141,1996.90820313,1963.88525391
2149.52709961,2159.28515625,1685.73095703,1787.00842285
2146.1015625,2161.75415039,1660.85351563,1969.42834473
2147.27856445,2165.31567383,1840.14733887,2196.625
2157.7644043,2178.16674805,2005.7677002,2312.11230469
2162.46044922,2189.63696289,2207.98730469,2598.13476563
2150.48364258,2185.77441406,2519.59155273,3058.85205078
2137.75439453,2174.31445313,2730.07568359,3194.11206055
2143.63012695,2173.25097656,2608.54443359,2757.92895508
2158.84204102,2182.59448242,2263.85083008,2157.11303711
2164.61816406,2189.69482422,2002.89709473,1865.53979492
2167.71289063,2194.48144531,1919.44995117,1827.2520752
2181.40307617,2203.94726563,1856.57043457,1741.43896484
2191.76391602,2211.1418457,1818.82226563,1748.05700684
2182.93139648,2207.03271484,2072.0871582,2257.27441406
2171.28540039,2200.77148438,2581.31201172,3002.31201172
2175.49047852,2203.09228516,2812.02392578,3118.29296875
2183.37963867,2207.80883789,2506.03173828,2489.73535156
2181.67504883,2209.55957031,2098.58789063,1961.3425293
2181.43701172,2215.09790039,1957.26403809,1901.55725098
2189.12548828,2223.89331055,1930.14135742,1857.55224609
2191.58886719,2225.58959961,1966.78210449,1793.17883301
2184.24633789,2221.27490234,2284.6015625,2149.15258789
2177.99438477,2220.03955078,2698.8125,2661.14306641
2175.61572266,2219.22314453,2728.70361328,2631.14111328
2171.65087891,2212.15356445,2407.26293945,2169.68286133
2168.23974609,2204.20507813,2128.87451172,1869.05810547
2168.86206055,2202.73925781,1943.65588379,1771.91223145
2170.125,2204.69750977,1772.21069336,1722.37353516
2171.97607422,2204.78662109,1816.20141602,1928.58203125
2177.95703125,2202.74511719,2087.47509766,2349.39794922
2181.59912109,2198.61914063,2176.93359375,2470.54077148
2172.78442383,2191.2121582,1976.5604248,2225.66967773
2156.46069336,2181.58032227,1880.79577637,2121.62280273
2146.25585938,2173.17529297,2002.0949707,2236.03833008
2144.51757813,2169.59155273,2043.04150391,2210.77856445
2145.62280273,2171.59008789,2044.62023926,2200.69287109
2150.95996094,2175.19995117,2326.80029297,2595.6262207
2163.16503906,2175.92944336,2695.08032227,2988.05566406
2173.46166992,2173.86474609,2642.59790039,2696.98925781
2171.80053711,2170.86572266,2237.10644531,2013.60009766
2162.68115234,2166.63989258,1939.3067627,1690.4609375
2156.57446289,2161.61450195,1795.41357422,1689.09973145
2153.84399414,2158.94433594,1632.97473145,1628.15979004
2149.36694336,2160.17700195,1657.23657227,1758.8840332
2144.17700195,2162.89892578,2048.83349609,2315.00292969
2142.97607422,2165.07641602,2432.04833984,2731.19946289
2146.94482422,2167.74853516,2443.42675781,2559.3190918
2152.88110352,2170.43945313,2303.70654297,2244.32910156
2155.48413086,2168.77319336,2293.83374023,2213.58056641
2153.4362793,2162.47729492,2307.04638672,2248.18847656
2153.6472168,2160.12207031,2319.109375,2262.1340332
2160.88208008,2167.09741211,2561.47045898,2545.11230469
2167.51049805,2175.9777832,2923.48706055,2939.92919922
2165.71459961,2178.89282227,2937.34765625,2907.76123047
2160.45092773,2179.01513672,2541.40429688,2476.99121094
2157.65185547,2180.06054688,2148.01489258,2131.17236328
2153.86108398,2178.9296875,1947.4654541,1964.41955566
2148.48046875,2176.82788086,1840.0736084,1832.47851563
2148.9074707,2180.60205078,1905.55554199,1912.56970215
2155.37768555,2188.42504883,2236.70678711,2313.37792969
2157.79248047,2191.18383789,2528.74975586,2637.73583984
2152.21069336,2187.6003418,2464.80493164,2570.89697266
2146.55834961,2183.32470703,2233.76855469,2361.68481445
2148.53027344,2180.68139648,2174.71508789,2296.40283203
2157.11352539,2179.90527344,2288.88305664,2310.45703125
2166.03686523,2181.80297852,2481.3659668,2392.13305664
2171.28271484,2184.4362793,2795.01318359,2689.52539063
2174.18896484,2186.16479492,3090.71484375,3019.47192383
2176.30419922,2188.89477539,3031.14086914,2951.31665039
2174.70141602,2190.38598633,2618.56738281,2499.12158203
2168.03540039,2184.15527344,2224.89892578,2085.03051758
2161.64526367,2172.68237305,2005.34838867,1839.42663574
2159.00366211,2164.86132813,1843.47961426,1623.58544922
2156.76855469,2160.19165039,1814.078125,1601.13110352
2155.89013672,2154.72680664,2069.07104492,2003.72131348
2163.82641602,2154.96508789,2387.3984375,2485.59448242
2177.44970703,2164.07714844,2443.7668457,2505.4831543
2181.90014648,2169.50732422,2329.44042969,2184.77734375
2175.24560547,2166.00585938,2297.26879883,2045.99755859
2173.26782227,2169.07495117,2326.40942383,2152.70117188
2181.9074707,2185.5234375,2389.04125977,2260.32250977
2188.42358398,2197.28613281,2682.59228516,2480.01538086
2186.19995117,2191.66943359,3170.28710938,2956.43481445
2183.19970703,2179.80249023,3396.00634766,3228.27514648
2181.20288086,2172.58178711,3108.68896484,2788.11523438
2172.55200195,2166.26098633,2583.2277832,1974.37976074
2161.37133789,2160.9074707,2133.92529297,1504.09387207
2163.23876953,2166.80517578,1832.79370117,1476.36022949
2179.53369141,2184.20117188,1761.67980957,1553.92980957
2193.06030273,2197.96704102,1981.2298584,1669.27514648
2193.04394531,2199.55615234,2254.41943359,1880.29992676
2186.95776367,2197.4375,2295.52734375,2020.22888184
2183.37231445,2199.12451172,2196.24169922,2029.13244629
2179.08740234,2198.11206055,2194.02026367,2114.13916016
2170.63574219,2187.80419922,2235.53271484,2267.08227539
2165.13256836,2175.35571289,2162.92944336,2230.84350586
2169.90429688,2171.02832031,2062.18457031,2047.10974121
2181.58691406,2174.97729492,2059.45483398,1972.07922363
2193.53295898,2183.07836914,2072.59008789,1974.91369629
2203.60327148,2193.1328125,2081.20849609,1989.43847656
2209.33959961,2199.20458984,2273.04345703,2253.77783203
2207.22119141,2194.66137695,2617.68579102,2713.7121582
2199.51831055,2184.40551758,2727.48242188,2747.10424805
2191.21801758,2178.89648438,2446.19311523,2166.47192383
2182.546875,2177.26293945,2116.77758789,1682.7220459
2173.72558594,2172.06884766,2020.8963623,1780.97387695
2168.51635742,2164.46264648,2055.53540039,2060.11181641
2164.87402344,2158.27026367,2121.29711914,2134.88647461
2154.93334961,2149.00732422,2283.05688477,2199.10864258
2140.11791992,2134.15332031,2459.20996094,2370.46435547
2131.26000977,2122.41772461,2459.72802734,2402.09057617
2131.53686523,2120.33984375,2314.00366211,2225.77368164
2134.47387695,2122.48876953,2165.52807617,2067.69287109
2137.09741211,2123.34838867,2017.81347656,2038.98120117
2141.26049805,2126.00952148,1878.27380371,2077.55371094
2146.05834961,2133.52587891,1874.2442627,2134.09350586
2148.79736328,2141.91137695,2047.48168945,2206.16357422
2148.32202148,2144.86425781,2310.38696289,2371.54614258
2144.07617188,2140.54370117,2594.54077148,2687.08569336
2138.56640625,2134.05102539,2782.79125977,2899.80932617
2137.62036133,2133.05615234,2684.33056641,2652.79052734
2140.72314453,2137.74023438,2318.84814453,2101.24707031
2140.04223633,2139.75585938,1955.83544922,1762.61816406
2135.67822266,2135.86572266,1743.8046875,1742.97045898
2136.98046875,2133.48095703,1641.28479004,1777.02624512
2143.47094727,2136.86816406,1695.20080566,1884.1796875
2144.28076172,2140.31030273,1947.71142578,2211.03393555
2139.86010742,2141.24560547,2160.8046875,2469.78491211
2141.43652344,2145.49975586,2096.90576172,2328.91772461
2148.35302734,2153.08813477,1910.91491699,2042.0279541
2149.90673828,2154.88842773,1844.97741699,1983.05834961
2147.28857422,2149.88476563,1832.73596191,2032.1036377
2150.36694336,2149.04003906,1814.53808594,2046.92724609
2157.65698242,2155.92773438,2006.70788574,2279.28076172
2160.40087891,2160.99267578,2417.7956543,2713.81542969
2159.24780273,2160.38793945,2603.67333984,2776.87524414
2159.57617188,2161.92553711,2333.23999023,2281.82128906
2160.02246094,2168.35449219,1969.2487793,1829.99279785
2159.72192383,2174.12231445,1852.35913086,1810.55078125
2165.17822266,2180.00756836,1881.69299316,1910.52697754
2177.9753418,2190.93164063,1934.85192871,1942.6237793
2187.6953125,2201.25634766,2091.93676758,2158.49926758
2186.84887695,2202.14672852,2287.51977539,2488.89575195
2181.05908203,2198.22851563,2300.55688477,2466.96386719
2176.83569336,2198.52099609,2152.56152344,2084.96313477
2171.86914063,2199.48657227,2068.87988281,1851.60546875
2164.64160156,2193.53320313,2107.82250977,1955.14074707
2160.5078125,2183.58105469,2168.58789063,2106.58911133
2160.61889648,2175.66748047,2208.30249023,2132.91113281
2157.9831543,2168.7565918,2219.45947266,2138.88549805
2151.88134766,2161.63037109,2199.52099609,2208.23046875
2151.94116211,2157.86547852,2243.92578125,2307.6015625
2160.11352539,2157.53735352,2424.34082031,2347.47021484
2163.72973633,2155.08007813,2596.1706543,2254.77539063
2154.82006836,2148.83447266,2593.34790039,2128.55444336
2141.49560547,2143.5925293,2485.93994141,2144.23339844
2133.54296875,2143.66333008,2387.41821289,2211.32739258
2133.03271484,2151.36303711,2244.0612793,2127.54003906
2143.11547852,2168.82397461,2060.73779297,2048.51489258
2165.84814453,2192.08227539,2026.22924805,2236.12792969
2188.23242188,2208.30566406,2205.23779297,2507.97949219
2192.46508789,2208.92797852,2426.17724609,2561.32617188
2180.6965332,2199.77978516,2570.50708008,2500.53271484
2168.30786133,2189.24023438,2640.48730469,2465.09667969
2158.88427734,2176.25634766,2579.90454102,2262.17944336
2148.39257813,2160.59472656,2364.14208984,1849.83691406
2142.20361328,2151.66748047,2129.49829102,1561.58984375
2144.97802734,2153.7668457,1963.73986816,1551.69482422
2147.60571289,2155.59643555,1816.35168457,1641.74731445
2142.91333008,2147.71801758,1729.25720215,1757.55383301
2138.80737305,2137.65283203,1806.54919434,1930.07678223
2142.71801758,2135.63037109,1978.8104248,2048.375
2148.89501953,2137.8894043,2173.23388672,2096.89428711
2149.68798828,2136.07592773,2513.3684082,2284.69360352
2146.35375977,2132.97314453,2962.3125,2595.33349609
2144.12060547,2136.89501953,3126.97729492,2668.26953125
2144.72558594,2146.3515625,2814.22045898,2364.18554688
2145.65893555,2151.55517578,2373.03564453,1987.39440918
2144.3137207,2149.79125977,2158.63354492,1798.53283691
2142.18530273,2148.35839844,2103.38232422,1730.24353027
2141.98413086,2149.57641602,2074.09667969,1702.67346191
2141.15649414,2144.78369141,2170.68896484,1826.33654785
2135.31445313,2130.53295898,2409.09887695,2105.39306641
2127.40942383,2118.69702148,2539.94360352,2263.34838867
2124.63891602,2119.62475586,2430.52905273,2125.90844727
2127.08398438,2126.57836914,2269.24267578,1919.00366211
2128.49267578,2129.04052734,2198.95483398,1900.80297852
2127.73461914,2130.22460938,2098.82592773,1964.6315918
2130.25244141,2137.96411133,1901.01208496,1913.65966797
2136.95703125,2148.26953125,1766.92553711,1833.92089844
2140.89770508,2152.29833984,1786.0645752,1877.04211426
2138.80664063,2152.12084961,1837.28552246,1961.60961914
2136.90893555,2155.08422852,1854.64819336,1965.42810059
2139.70336914,2157.8762207,1900.86254883,1953.84655762
2142.53881836,2151.29907227,1956.546875,2020.78381348
2141.31542969,2137.6953125,1967.02172852,2124.90356445
2138.68725586,2128.04882813,2023.86120605,2191.77709961
2135.42260742,2124.11669922,2175.10986328,2197.15380859
2127.99975586,2119.7109375,2230.67919922,2131.27148438
2118.67236328,2116.70727539,2075.37158203,2034.3215332
2115.42236328,2122.50219727,1917.01220703,2001.2154541
2120.73242188,2135.70483398,1929.09277344,2023.12426758
2131.37963867,2150.35058594,1975.72412109,1978.47155762
2145.47729492,2166.61181641,1940.22741699,1879.58520508
2159.30395508,2183.23974609,1932.43554688,1878.43127441
2165.66162109,2191.99829102,1977.13293457,1965.53894043
2165.65893555,2192.29443359,1931.92321777,1994.4979248
2170.95117188,2195.72412109,1834.31762695,2003.95629883
2185.8059082,2207.0871582,1889.1685791,2125.73144531
2200.75292969,2218.82470703,2082.51049805,2256.59716797
2210.36328125,2228.10058594,2223.22680664,2228.49951172
2220.22558594,2239.18188477,2291.40966797,2138.47436523
2230.34204102,2248.97973633,2362.80273438,2137.35791016
2231.20214844,2250.56884766,2353.60375977,2132.82128906
2223.24267578,2247.87988281,2188.15454102,2010.08972168
2220.15209961,2249.07470703,2009.203125,1868.18164063
2226.58203125,2252.40771484,1945.56115723,1820.38317871
2232.93505859,2253.60571289,1932.09411621,1843.41210938
2236.00927734,2256.61547852,1962.05297852,1933.46960449
2243.20751953,2264.78735352,2176.33129883,2127.20605469
2254.80029297,2273.9465332,2513.67919922,2332.6472168
2262.96289063,2282.13989258,2652.08837891,2396.16064453
2266.8125,2291.63061523,2481.00561523,2330.23803711
2270.74951172,2297.97998047,2265.69580078,2285.82128906
2273.77978516,2293.92651367,2216.63745117,2345.20800781
2273.14038086,2283.31103516,2261.1965332,2463.91552734
2268.79760742,2273.74389648,2306.76733398,2553.03295898
2258.68212891,2261.10229492,2363.31591797,2548.74389648
2242.3112793,2239.96264648,2369.0546875,2436.63647461
2227.76220703,2220.40991211,2212.94702148,2231.22729492
2221.27783203,2214.7590332,1942.85375977,1970.34985352
2217.27270508,2217.57128906,1729.93005371,1767.1385498
2210.27539063,2217.36572266,1660.79589844,1757.88781738
2204.49584961,2216.70947266,1700.62487793,1922.23730469
2203.13549805,2222.69970703,1784.93725586,2104.47387695
2201.90039063,2228.7434082,1855.23388672,2247.53930664
2197.37207031,2223.57421875,1876.99609375,2391.06494141
2190.50854492,2210.3515625,1877.06054688,2468.76782227
2182.23876953,2201.27416992,1912.05395508,2393.70800781
2173.18823242,2198.53515625,1990.04638672,2276.80493164
2165.38989258,2194.38330078,2077.81640625,2277.59790039
2162.0234375,2187.27636719,2171.83129883,2353.09863281
2166.73681641,2184.40087891,2279.71655273,2381.06396484
2178.02661133,2186.53735352,2336.43164063,2361.12036133
2183.98217773,2182.9296875,2245.67114258,2320.74658203
2173.73754883,2167.64868164,2023.88098145,2209.16967773
2153.90942383,2151.40063477,1811.55737305,2025.50036621
2140.59765625,2147.58764648,1735.40942383,1915.89465332
2137.85668945,2153.5,1826.13867188,2030.13232422
2138.30981445,2156.77368164,2032.12670898,2321.75317383
2139.65600586,2155.35449219,2246.83886719,2568.03125
2143.9831543,2156.55102539,2376.70068359,2620.15332031
2145.35839844,2158.8203125,2417.01293945,2544.66845703
2135.8203125,2152.35473633,2403.11450195,2439.38916016
2122.01098633,2139.34082031,2329.98754883,2286.54956055
2119.12036133,2134.15844727,2222.55688477,2149.21948242
2128.41088867,2138.90527344,2182.89624023,2239.97363281
2137.26196289,2139.66699219,2218.94116211,2526.68310547
2141.33764648,2132.86206055,2180.5637207,2613.44677734
2147.74731445,2131.45068359,2050.50073242,2356.50537109
2155.34741211,2137.81591797,2067.88208008,2166.64086914
2153.17602539,2136.75341797,2327.25683594,2314.14990234
2141.44848633,2123.72729492,2561.66381836,2488.9753418
2133.53491211,2113.14575195,2588.85717773,2457.78662109
2134.03637695,2111.16650391,2582.03979492,2462.07104492
2134.11914063,2107.74389648,2633.98730469,2554.45996094
2130.35546875,2101.05834961,2536.57763672,2360.62133789
2129.53735352,2102.17675781,2249.73583984,1890.33422852
2133.45800781,2112.21386719,2061.93481445,1702.99609375
2136.43066406,2120.99633789,2081.05151367,1959.29003906
2138.81665039,2127.90454102,2095.22265625,2202.98388672
2146.70996094,2139.58789063,2043.85595703,2247.91967773
2157.73022461,2151.38305664,2091.81616211,2359.29833984
2161.85253906,2153.33105469,2201.24975586,2504.90039063
2156.09033203,2147.54296875,2149.50805664,2362.40161133
2146.37109375,2141.96142578,1983.84631348,2064.38330078
2137.59960938,2137.28149414,1989.11694336,2054.13720703
2131.79052734,2132.32519531,2203.34570313,2279.82226563
2131.05566406,2129.46875,2387.53857422,2350.77514648
2134.38500977,2127.64819336,2462.11254883,2308.71630859
2136.77661133,2122.90551758,2544.31201172,2419.19604492
2135.77197266,2117.30297852,2562.16040039,2465.5222168
2133.25732422,2115.99707031,2314.28369141,2122.6159668
2130.41723633,2118.60107422,1933.25402832,1720.29211426
2126.96459961,2121.67163086,1772.60449219,1751.28979492
2124.50488281,2123.91748047,1837.16320801,2010.64013672
2125.8269043,2124.55639648,1864.37109375,2086.89941406
2131.11572266,2123.01220703,1860.0390625,2163.21826172
2136.89160156,2121.16625977,1959.36462402,2448.53295898
2139.09008789,2120.6809082,1980.97155762,2514.42651367
2136.76269531,2119.75366211,1745.09106445,2103.71166992
2131.46606445,2115.74902344,1517.14233398,1793.82653809
2124.71948242,2108.67211914,1568.67456055,2015.05822754
2119.87158203,2100.99267578,1734.64660645,2320.91577148
2122.26391602,2095.37182617,1856.69848633,2339.28735352
2130.42773438,2091.67285156,2075.84912109,2396.07104492
2133.09008789,2086.52758789,2331.76635742,2614.2097168
2123.45605469,2077.81860352,2272.34204102,2538.22387695
2109.17431641,2068.29125977,1923.85400391,2103.99438477
2100.91625977,2063.12036133,1727.89440918,1858.3671875
2100.64306641,2065.27001953,1802.43310547,1976.01208496
2106.56640625,2073.22167969,1887.26391602,2096.56982422
2117.58422852,2081.75634766,1961.26098633,2121.68994141
2127.41357422,2085.67260742,2197.65795898,2247.4309082
2126.87280273,2083.89746094,2475.4831543,2409.09985352
2118.21582031,2080.37597656,2571.39501953,2411.49047852
2115.83105469,2081.46704102,2588.24609375,2285.97241211
2125.88793945,2090.70068359,2690.52587891,2101.05786133
2136.67919922,2104.06811523,2733.83227539,1838.96716309
2137.63647461,2113.31152344,2545.95776367,1611.55371094
2134.77416992,2115.41821289,2258.48901367,1573.88537598
2135.69262695,2113.99755859,2091.07495117,1671.56286621
2135.01611328,2111.53588867,2072.46484375,1796.68041992
2129.51928711,2108.18188477,2124.8984375,1980.72521973
2129.49365234,2106.76489258,2210.63623047,2211.85791016
2138.87646484,2109.70410156,2296.50024414,2343.57910156
2144.54248047,2113.89672852,2304.24316406,2323.49633789
2140.32128906,2116.83374023,2197.5012207,2280.75268555
2138.8972168,2121.44018555,2095.99243164,2335.0637207
2147.17944336,2127.81762695,2167.7019043,2445.4987793
2153.06274414,2129.40966797,2336.95483398,2449.9621582
2146.67211914,2123.3269043,2309.63354492,2259.01855469
2134.7175293,2114.96557617,2028.03979492,2009.17797852
2127.64477539,2109.20214844,1801.94421387,1899.43786621
2127.63110352,2106.30712891,1828.7590332,1935.55566406
2131.89306641,2107.05175781,1989.95898438,2059.36425781
2138.05664063,2112.36083984,2255.74951172,2360.69311523
2144.63574219,2117.88012695,2737.77929688,2819.00927734
2149.6081543,2117.57299805,3202.53369141,3064.59667969
2149.90161133,2113.06494141,3180.55371094,2815.09057617
2144.3984375,2111.14331055,2708.13525391,2329.1027832
2136.75512695,2111.42333984,2314.37744141,2030.47888184
2131.37768555,2106.99755859,2201.91040039,1938.10693359
2128.03613281,2099.30273438,2126.01025391,1875.68591309
2124.28857422,2098.49560547,2075.87939453,1948.02624512
2120.92529297,2105.46655273,2287.77050781,2284.56518555
2121.41503906,2110.01977539,2573.84985352,2549.34033203
2126.63745117,2109.90258789,2462.13476563,2332.21069336
2131.72949219,2112.4597168,2032.89477539,1875.60778809
2129.86279297,2116.65039063,1827.27233887,1747.31311035
2120.45800781,2114.80810547,1968.43164063,1954.03320313
2110.74316406,2110.59106445,2166.02636719,2128.57250977
2107.12817383,2113.86572266,2440.54052734,2365.36425781
2109.33520508,2121.68481445,2977.85229492,2940.70678711
2113.97021484,2122.94360352,3433.83691406,3410.37426758
2117.83081055,2116.51904297,3253.57470703,3054.28222656
2118.08984375,2111.44433594,2557.55737305,2117.69799805
2115.5793457,2114.91479492,1979.8482666,1553.56469727
2115.77856445,2126.53271484,1790.30114746,1620.09118652
2121.98901367,2138.81640625,1799.36914063,1786.63476563
2132.07543945,2143.29760742,1938.74536133,1904.16015625
2143.21142578,2139.82104492,2341.36523438,2324.87768555
2152.07714844,2134.47412109,2906.69946289,2898.21142578
2152.06835938,2128.27856445,3251.01733398,2982.05273438
2140.88842773,2119.10888672,3164.57885742,2522.17895508
2127.97924805,2112.34570313,2840.68847656,2141.16186523
2123.66699219,2113.81542969,2550.0,2106.51342773
2124.99755859,2115.42333984,2300.35205078,2063.32202148
2122.35571289,2106.21362305,1981.25012207,1810.25378418
2115.64038086,2094.30957031,1676.51049805,1612.84655762
2113.59814453,2097.43457031,1593.828125,1695.79516602
2119.14477539,2113.75024414,1745.28088379,1930.73730469
2125.45605469,2123.66870117,1916.72229004,2089.4987793
2128.28613281,2120.28051758,1970.26367188,2143.85644531
2131.67285156,2115.57250977,1999.04614258,2228.50756836
2136.19311523,2115.35644531,2095.37719727,2351.515625
2134.45385742,2112.46557617,2129.99584961,2314.69433594
2127.31030273,2108.36621094,1973.31311035,2087.9375
2128.73535156,2115.84301758,1814.8248291,1991.23449707
2143.02490234,2134.21801758,1938.63696289,2199.32983398
2155.14672852,2146.16113281,2252.47070313,2432.73876953
2154.52783203,2144.83007813,2410.79980469,2459.15869141
2148.53955078,2141.953125,2320.73803711,2399.94018555
2144.69946289,2144.98266602,2126.49243164,2279.0065918
2140.99609375,2146.84228516,1849.29125977,1927.28320313
2138.6237793,2142.25878906,1496.21899414,1537.87341309
2143.29418945,2137.19433594,1312.63220215,1555.13293457
2151.47338867,2137.79052734,1448.14294434,1887.12060547
2153.32177734,2142.2355957,1633.32958984,2030.77331543
2148.90991211,2146.90942383,1631.61767578,1978.24475098
2146.54907227,2151.07470703,1650.28076172,2128.92651367
2147.94628906,2153.02905273,1873.29772949,2387.19946289
2148.62353516,2150.65966797,2046.88500977,2291.81103516
2148.92016602,2147.73364258,1967.48828125,1952.02770996
2151.59912109,2150.66992188,1872.25219727,1899.88171387
2154.24536133,2159.82739258,1942.04052734,2114.99731445
2156.81787109,2173.27563477,1990.25524902,2166.63305664
2167.50854492,2192.30102539,2008.66247559,2195.13452148
2187.39257813,2211.73217773,2352.07397461,2696.45092773
2202.48144531,2218.25,2987.4453125,3399.88183594
2204.328125,2211.25830078,3260.37133789,3453.27514648
2200.46850586,2206.34448242,2829.67724609,2748.32543945
2194.35498047,2207.36352539,2178.77124023,2050.85473633
2180.35205078,2201.45068359,1835.54040527,1806.28430176
2165.85864258,2189.40795898,1733.22888184,1761.26745605
2167.34667969,2188.33203125,1662.4420166,1743.83679199
2180.23657227,2198.63134766,1714.07128906,1914.71203613
2184.66699219,2202.91015625,1938.82263184,2209.56542969
2179.06103516,2198.79931641,2091.99780273,2277.46044922
2176.73120117,2198.92016602,2012.91625977,2058.44238281
2178.11474609,2201.91674805,1885.06762695,1897.32250977
2176.19482422,2196.10913086,1920.6685791,2015.17895508
2176.83520508,2185.50244141,2060.41259766,2245.23413086
2187.8293457,2183.39282227,2126.74023438,2362.32958984
2200.80419922,2188.11181641,2094.75,2377.86499023
2203.01245117,2188.50146484,2090.62939453,2395.72998047
2194.8581543,2184.00512695,2183.69482422,2398.6484375
2184.02001953,2180.68701172,2268.61254883,2319.0012207
2173.61279297,2177.2890625,2199.20776367,2171.43945313
2163.53222656,2169.64086914,1998.48706055,2003.07348633
2154.96801758,2159.2878418,1831.11975098,1839.15246582
2149.44970703,2148.40820313,1780.56567383,1746.08007813
2148.06713867,2136.44433594,1784.47192383,1801.52404785
2151.52294922,2126.35131836,1782.97546387,1951.72570801
2157.39086914,2122.65209961,1794.77893066,2056.83935547
2160.06616211,2122.63793945,1851.18701172,2097.72265625
2157.50268555,2121.39550781,1954.28674316,2152.23901367
2154.33154297,2121.62841797,2086.07519531,2191.84960938
2154.46044922,2126.32568359,2226.17626953,2151.81982422
2156.2902832,2130.01000977,2389.47973633,2151.53417969
2159.1081543,2129.10473633,2591.71411133,2327.80737305
2165.12744141,2129.5222168,2734.49633789,2516.14746094
2170.39697266,2133.8918457,2688.0065918,2464.66333008
2165.42431641,2134.68017578,2554.73999023,2267.39404297
2150.18725586,2127.4362793,2572.64111328,2170.97070313
2136.46801758,2118.05322266,2678.55029297,2106.87695313
2132.52563477,2113.6184082,2581.91357422,1908.71606445
2137.37963867,2116.16357422,2347.0324707,1788.4543457
2148.12524414,2123.6796875,2331.74365234,2008.43774414
2160.16113281,2130.59814453,2476.57250977,2301.65332031
2165.25561523,2131.94067383,2366.30712891,2260.19335938
2160.11401367,2128.05151367,2049.5925293,2045.57312012
2150.34790039,2119.91357422,1989.26965332,2048.02490234
2141.67260742,2107.43652344,2194.87817383,2161.10791016
2136.99853516,2098.87646484,2256.89770508,2091.23095703
2140.33813477,2106.36303711,2185.71289063,2022.82336426
2150.58178711,2124.40185547,2362.77709961,2260.37548828
2156.73144531,2132.57739258,2728.05834961,2552.46337891
2151.62841797,2125.28320313,2799.01025391,2444.19848633
2142.28466797,2116.65551758,2472.65185547,2025.03540039
2137.71777344,2114.63696289,2175.9831543,1757.91748047
2137.6184082,2114.44091797,2186.25683594,1776.65429688
2139.12890625,2116.34179688,2296.47436523,1838.83557129
2142.89794922,2125.80834961,2295.72167969,1869.21130371
2147.7902832,2137.84936523,2381.13037109,2101.48120117
2148.97119141,2140.90039063,2769.37255859,2594.24511719
2144.6159668,2133.97851563,3179.2019043,2962.04394531
2139.51000977,2126.9909668,3163.22387695,2843.59179688
2139.8996582,2127.64575195,2787.32421875,2414.01196289
2146.51367188,2136.17675781,2491.59741211,2115.08300781
2155.08911133,2149.703125,2414.56982422,2042.2635498
2163.40112305,2166.31396484,2345.26635742,1979.41809082
2172.67480469,2184.3112793,2241.22583008,1929.79650879
2181.56420898,2198.8984375,2330.94140625,2145.17529297
2186.20336914,2203.34399414,2688.55419922,2589.94140625
2187.05029297,2196.57226563,3031.16870117,2833.14379883
2187.97949219,2186.42114258,3055.14135742,2648.67504883
2188.6652832,2180.91333008,2803.92700195,2329.00634766
2184.71484375,2179.14648438,2523.85864258,2171.46240234
2175.16699219,2175.92675781,2275.59594727,2060.4855957
2165.20849609,2171.54785156,1987.33886719,1866.5625
2160.7265625,2168.91455078,1796.38598633,1815.10742188
2162.58569336,2165.42578125,1914.26306152,2054.99389648
2168.87133789,2159.54125977,2209.15869141,2291.7578125
2179.98339844,2159.3371582,2356.00927734,2265.4909668
2194.13647461,2168.69677734,2305.39648438,2156.84350586
2201.61035156,2174.26293945,2222.62304688,2167.84619141
2196.07006836,2165.35668945,2167.36743164,2201.20629883
2186.65673828,2153.10913086,2163.9543457,2233.85498047
2183.99047852,2148.83105469,2294.35205078,2433.3203125
2182.65869141,2142.74291992,2466.30566406,2690.20629883
2173.51293945,2126.109375,2432.23706055,2641.00097656
2161.66479492,2111.41821289,2182.36962891,2283.16455078
2156.50756836,2109.56542969,1954.51916504,1984.25317383
2155.43139648,2110.39208984,1831.19348145,1877.79467773
2150.51464844,2103.62475586,1696.50134277,1794.60888672
2143.01318359,2097.8215332,1543.29931641,1697.38000488
2141.61645508,2103.5,1506.49255371,1722.13146973
2148.20654297,2113.19335938,1643.63684082,1897.00146484
2152.10961914,2112.2902832,1841.78479004,2078.3203125
2145.46484375,2103.03173828,1905.36608887,2085.50830078
2138.70996094,2103.30273438,1779.58850098,1911.36364746
2144.43896484,2118.10449219,1680.4420166,1812.66784668
2152.91015625,2128.71313477,1782.82336426,1943.10839844
2148.51049805,2122.58349609,1914.64331055,2052.54711914
2140.54394531,2114.1953125,1941.62792969,1998.39160156
2146.65039063,2117.96289063,2123.89135742,2142.69897461
2158.46533203,2124.44750977,2552.39868164,2613.81518555
2157.20483398,2124.95239258,2742.69165039,2816.69848633
2149.16186523,2132.83154297,2434.07128906,2414.42456055
2153.11157227,2157.19262695,2163.17285156,2013.82617188
2165.10400391,2179.91040039,2372.11425781,2145.34863281
2164.97216797,2179.41577148,2639.56616211,2411.69799805
2150.16894531,2159.48461914,2447.63476563,2308.67553711
2139.265625,2140.92578125,2031.51293945,2059.37792969
2143.02929688,2136.51220703,1868.01062012,2055.47094727
2151.25073242,2142.32397461,1917.36047363,2168.83129883
2153.48681641,2149.42651367,1911.76330566,2109.45581055
2155.33203125,2157.1730957,1926.53808594,1984.58227539
2162.45532227,2167.85327148,2154.60327148,2080.30078125
2165.72558594,2173.13720703,2405.63745117,2314.87646484
2158.13793945,2163.2824707,2315.9909668,2290.24975586
2149.65527344,2147.38720703,1952.00170898,1912.28833008
2149.77612305,2142.73974609,1764.13696289,1608.49560547
2152.53759766,2147.54296875,1929.14428711,1710.64001465
2150.43017578,2146.92138672,2154.37158203,1964.44433594
2146.25024414,2139.80322266,2206.26464844,1999.8347168
2144.74023438,2137.89086914,2205.54980469,1924.04663086
2146.67553711,2144.44775391,2263.65844727,1994.8034668
2151.64379883,2151.81445313,2240.7121582,2074.51879883
2157.02270508,2154.99023438,2064.27758789,1940.98535156
2158.99780273,2156.42285156,1942.72644043,1799.68115234
2159.03759766,2159.7019043,2046.62487793,1938.7364502
2161.29296875,2163.43359375,2252.37109375,2194.01904297
2163.53076172,2162.44970703,2377.41479492,2260.57519531
2159.62304688,2155.05786133,2404.83740234,2186.5390625
2149.63305664,2145.45654297,2335.12817383,2121.41967773
2141.42358398,2137.85205078,2109.38623047,1981.50622559
2143.16381836,2134.03417969,1808.02111816,1731.01135254
2154.50415039,2135.80493164,1633.84875488,1566.26916504
2164.98803711,2141.87255859,1626.21777344,1581.44824219
2165.46899414,2145.52319336,1673.39221191,1675.86682129
2158.45654297,2142.41308594,1765.71337891,1840.03051758
2150.29052734,2135.28442383,1925.61865234,2089.27148438
2141.82983398,2128.38330078,2025.53015137,2237.01098633
2136.66625977,2125.54638672,2003.53527832,2172.61938477
2143.32080078,2130.73486328,2043.72265625,2108.45727539
2156.78930664,2139.57788086,2239.09594727,2183.08325195
2157.25561523,2138.3215332,2383.51977539,2217.27319336
2139.73779297,2122.56323242,2365.40576172,2153.22241211
2123.36450195,2105.54443359,2369.27026367,2211.33178711
2121.50073242,2098.77270508,2450.69067383,2382.23583984
2126.17602539,2099.26464844,2374.14648438,2355.7512207
2128.2590332,2101.95263672,2079.71582031,2110.91577148
2129.25708008,2107.25854492,1833.51171875,1972.89550781
2130.14331055,2112.33251953,1772.25830078,2031.59899902
2129.33056641,2111.82373047,1767.12072754,2086.46826172
2130.90966797,2109.31274414,1788.73132324,2106.58496094
2138.89477539,2113.42431641,1946.21459961,2213.35327148
2147.82250977,2123.25341797,2177.44799805,2348.26318359
2149.9309082,2130.11743164,2301.08447266,2370.52880859
2145.3371582,2131.82983398,2311.69897461,2299.99194336
2139.48608398,2134.03735352,2337.31860352,2240.734375
2136.92993164,2138.29467773,2420.63208008,2251.69555664
2138.95996094,2139.15087891,2500.02563477,2302.89868164
2142.53222656,2134.94726563,2481.23901367,2248.37841797
2143.06494141,2132.01098633,2316.43823242,2035.81970215
2140.71386719,2133.70458984,2106.44995117,1894.91040039
2141.0300293,2135.25415039,2005.2833252,1981.5546875
2148.90087891,2135.70092773,2015.66015625,2107.50073242
2163.26928711,2142.3581543,2097.75805664,2197.3059082
2176.2175293,2154.87548828,2341.73242188,2465.08789063
2178.50463867,2160.27758789,2710.00854492,2788.99755859
2169.26977539,2153.73779297,2865.99316406,2691.77758789
2156.71850586,2147.01147461,2629.65209961,2204.83959961
2147.25097656,2147.66699219,2274.69091797,1861.89294434
2141.53100586,2149.51318359,2071.46679688,1778.05126953
2141.66699219,2149.88305664,1974.47009277,1688.72875977
2150.39916992,2155.09790039,1974.87683105,1716.81616211
2162.75146484,2164.49023438,2194.15551758,2081.31445313
2170.45458984,2168.95288086,2452.79614258,2378.24804688
2172.90698242,2166.31665039,2361.41357422,2151.1809082
2173.28637695,2161.72265625,1960.36413574,1744.04382324
2169.76782227,2156.95654297,1679.18652344,1702.0904541
2161.2253418,2152.91162109,1672.25524902,1895.76794434
2153.77612305,2153.96655273,1785.10546875,2020.30090332
2151.97680664,2158.89355469,2031.52868652,2250.44140625
2151.65600586,2158.50927734,2466.22070313,2660.79101563
2148.02392578,2150.08349609,2777.28125,2766.72045898
2142.11303711,2141.32202148,2630.23681641,2313.55834961
2136.12036133,2135.96606445,2215.66894531,1775.04541016
2131.49047852,2130.20678711,1935.34033203,1569.38439941
2131.43457031,2125.36425781,1828.57836914,1550.84313965
2136.48388672,2127.65234375,1769.8013916,1601.10083008
2140.31640625,2133.41235352,1864.56237793,1887.93164063
2137.82006836,2131.49121094,2168.55371094,2288.85571289
2132.4440918,2122.76977539,2367.53466797,2366.125
2129.43920898,2120.30004883,2197.82958984,2089.65112305
2128.68457031,2127.41918945,1884.94116211,1880.8223877
2129.15698242,2133.55517578,1798.82263184,1917.91625977
2132.27587891,2134.04858398,1981.03393555,2053.39428711
2136.54492188,2134.88134766,2293.34741211,2283.33984375
2137.50390625,2136.36523438,2676.34350586,2632.87011719
2136.19873047,2132.57202148,3005.88818359,2800.7043457
2138.45263672,2126.61401367,3051.20800781,2549.69628906
2143.86230469,2126.81591797,2789.94384766,2161.30639648
2146.23901367,2131.99975586,2471.47607422,1993.72741699
2146.13720703,2138.07958984,2289.81494141,1992.33630371
2150.47851563,2148.46386719,2259.56103516,2012.90722656
2158.37573242,2161.71313477,2350.99658203,2122.00634766
2160.57836914,2165.09326172,2493.15771484,2313.51196289
2154.49243164,2154.45336914,2587.35888672,2430.40161133
2146.93481445,2141.37524414,2676.78710938,2471.32543945
2141.44555664,2132.01660156,2857.04614258,2531.46801758
2135.51391602,2121.59277344,2977.66479492,2508.68212891
2130.58764648,2113.28320313,2797.16503906,2260.07495117
2132.45629883,2116.93994141,2411.97924805,1904.5802002
2140.14575195,2127.68969727,2127.10327148,1676.31799316
2144.86499023,2129.95288086,1994.88342285,1638.35632324
2142.82958984,2121.82299805,1885.5604248,1718.44006348
2140.56030273,2115.40795898,1848.01550293,1863.53942871
2143.04296875,2116.44067383,2005.03222656,2045.1661377
2144.64477539,2119.72094727,2272.78198242,2229.20336914
2139.50732422,2120.86743164,2482.79077148,2380.57128906
2133.87158203,2121.23950195,2574.89868164,2427.58081055
2137.29711914,2124.10620117,2528.96240234,2305.60986328
2147.71313477,2131.33984375,2374.13305664,2130.78442383
2156.66870117,2141.17797852,2261.39379883,2124.25732422
2162.12426758,2148.7355957,2242.59838867,2231.22412109
2164.71313477,2151.87939453,2158.39672852,2160.8828125
2161.15820313,2153.95825195,2003.89233398,1940.13305664
2152.97216797,2157.21508789,2015.59912109,1900.21179199
2150.73144531,2158.6652832,2176.23291016,2017.38977051
2158.88525391,2157.10742188,2203.81884766,1990.95507813
2167.06640625,2157.0065918,2174.87744141,1981.81994629
2165.46411133,2159.13378906,2432.51000977,2347.5925293
2158.58569336,2156.61279297,2802.98046875,2722.59033203
2156.08056641,2148.39160156,2726.27026367,2434.58569336
2158.87036133,2145.16870117,2214.3425293,1725.90344238
2161.91918945,2152.15112305,1891.70153809,1485.44067383
2164.04223633,2158.7043457,2066.04345703,1902.64660645
2166.59057617,2154.63500977,2410.86791992,2343.81689453
2166.09545898,2143.83227539,2533.09301758,2394.21191406
2158.24267578,2135.66308594,2372.55664063,2220.22729492
2149.01464844,2135.51098633,2113.03295898,2054.87060547
2150.2956543,2144.53442383,1988.98400879,1950.45666504
2161.40161133,2156.69384766,2094.00244141,1956.93261719
2167.7487793,2160.36376953,2307.51196289,2133.16577148
2163.1015625,2152.64453125,2519.73364258,2395.53613281
2159.06469727,2143.32397461,2772.77490234,2550.33764648
2164.48657227,2138.75756836,2994.13061523,2481.67797852
2169.66723633,2135.01196289,2923.27636719,2271.93530273
2162.51196289,2130.3515625,2585.4831543,2140.7980957
2148.30957031,2128.71899414,2400.3815918,2202.95556641
2139.74169922,2128.49072266,2481.81787109,2278.20751953
2137.15039063,2123.72753906,2373.54931641,2099.53222656
2133.93237305,2118.15380859,1878.25183105,1750.77355957
2132.94873047,2122.35400391,1522.56640625,1646.06323242
2140.6159668,2135.27929688,1713.6998291,1944.73925781
2150.80883789,2142.99169922,2049.1574707,2273.25292969
2151.10766602,2138.1940918,1993.23693848,2241.35449219
2141.84863281,2128.56689453,1693.78723145,1960.87023926
2136.00732422,2123.78125,1605.72009277,1805.00195313
2141.36108398,2124.71435547,1763.63452148,1913.05480957
2151.59472656,2126.98852539,1920.38879395,2179.17797852
2156.25073242,2127.96508789,2037.38232422,2476.16943359
2154.10498047,2129.05541992,2185.37011719,2666.30859375
2151.51928711,2132.61328125,2244.06079102,2626.86938477
2149.9309082,2136.28393555,2089.60083008,2417.4074707
2145.1159668,2135.1315918,1855.03637695,2206.04248047
2139.20043945,2131.39135742,1720.41784668,2030.25708008
2139.57373047,2132.77148438,1680.69873047,1893.46472168
2144.27490234,2138.55126953,1693.52282715,1935.58068848
2143.70166016,2139.5949707,1757.46008301,2153.85620117
2137.56665039,2134.02807617,1773.15332031,2229.63427734
2135.20410156,2129.53759766,1678.64855957,2025.33068848
2140.13623047,2129.40600586,1663.33044434,1876.04125977
2147.31201172,2129.44750977,1861.41247559,2018.67956543
2152.52319336,2128.94262695,2055.77441406,2221.91235352
2154.48510742,2132.49926758,2103.67285156,2310.34301758
2152.0234375,2139.76196289,2265.76098633,2475.20117188
2146.17041016,2142.77099609,2653.32470703,2761.52319336
2141.31152344,2137.01025391,2858.99926758,2839.73999023
2141.29101563,2129.39135742,2618.31884766,2555.81713867
2146.46801758,2129.84350586,2269.74804688,2184.19042969
2153.24707031,2137.64013672,2114.56103516,1958.48571777
2155.50537109,2143.42114258,1962.70471191,1826.46044922
2150.74145508,2143.68115234,1729.6998291,1753.77563477
2144.89599609,2143.96923828,1761.09509277,1806.51037598
2145.59741211,2148.26806641,2127.90722656,1909.9798584
2152.18798828,2155.46020508,2341.10571289,1968.58032227
2158.84399414,2165.01611328,2181.06201172,2120.33911133
2163.95239258,2175.57421875,2060.14697266,2374.68432617
2168.48950195,2180.54394531,2225.18920898,2302.12719727
2170.00463867,2175.28295898,2399.79272461,1807.86218262
2167.0612793,2164.94140625,2473.07177734,1758.70983887
2163.96679688,2157.3425293,2699.15234375,2764.99291992
2162.72827148,2153.76367188,3028.4609375,3781.58862305
2157.68310547,2151.98779297,3058.05957031,3324.36254883
2146.14990234,2150.81176758,2736.86181641,1827.87670898
2135.81298828,2148.50488281,2409.12597656,1224.41601563
2134.15454102,2144.81201172,2220.66845703,2133.70996094
2139.56298828,2144.73535156,2095.43994141,3020.78076172
2148.05737305,2152.45776367,2103.99169922,2556.94946289
2157.78466797,2163.03222656,2329.35864258,1499.5032959
2163.34863281,2167.1315918,2612.66723633,1424.11291504
2159.33520508,2162.45361328,2787.40161133,2404.44311523
2151.80712891,2154.81518555,2862.81689453,3007.00610352
2151.02709961,2148.79907227,2816.03662109,2463.87255859
2153.625,2143.17041016,2616.28417969,1776.1730957
2149.86499023,2137.47827148,2497.48535156,2070.0625
2143.99536133,2136.46606445,2713.84814453,2747.47705078
2146.08618164,2142.27197266,3044.2253418,2550.859375
2150.86376953,2149.09179688,3041.11254883,1938.93933105
2147.7565918,2152.43823242,2684.13916016,2451.13842773
2142.32666016,2155.07250977,2309.43969727,3598.98803711
2144.60473633,2157.46704102,2067.18701172,2904.40087891
2148.50683594,2154.35546875,1922.79333496,271.637023926
2145.28369141,2146.68017578,1963.4498291,-681.169311523
2143.0612793,2143.21166992,2220.85839844,2364.48706055
2151.16796875,2145.52905273,2399.43676758,6135.73730469
2158.88476563,2144.76391602,2210.50976563,4844.49316406
2150.68994141,2135.98071289,1816.15002441,-1589.05285645
2132.29394531,2124.64941406,1623.26062012,-4687.67041016
2123.1027832,2118.50610352,1777.41052246,2063.91113281
2129.27734375,2121.2644043,2084.59375,10287.7402344
2140.37475586,2132.96044922,2310.39526367,6454.97851563
2148.76782227,2149.79125977,2374.67797852,-4508.59521484
2155.54150391,2163.85913086,2310.80883789,-5185.56298828
2158.1484375,2168.44702148,2166.2434082,4001.19067383
2150.76831055,2165.72265625,1961.49755859,7069.52099609
2138.49194336,2164.42724609,1714.75793457,5466.24072266
2133.16235352,2167.23730469,1492.625,14841.5703125
2135.52148438,2168.69140625,1395.02062988,28024.1582031
2138.66796875,2168.78027344,1439.89648438,22147.171875
2143.13793945,2174.57958984,1501.48474121,4089.58178711
2151.33251953,2184.45239258,1452.41967773,3420.69995117
2158.01098633,2188.27978516,1343.71313477,19949.1386719
2160.30200195,2185.09765625,1323.93859863,25913.3652344
2161.83959961,2180.96118164,1396.53442383,16589.1816406
2160.51611328,2173.22802734,1430.00390625,10095.9179688
2152.46020508,2158.79638672,1417.52294922,7619.18408203
2146.57983398,2149.23242188,1473.82617188,-427.360931396
2151.5456543,2154.91625977,1504.81774902,-6849.34814453
2156.84057617,2164.93579102,1239.39282227,-3005.24829102
2150.12304688,2163.16943359,768.358398438,3836.3996582
2139.14794922,2152.24414063,607.334106445,10149.4160156
2136.0559082,2144.73950195,934.18560791,20359.8730469
2138.09350586,2143.72094727,1261.60559082,25927.171875
2139.79003906,2146.1159668,1228.80786133,16896.5175781
2144.63574219,2152.82568359,1155.7565918,5648.31347656
2153.83105469,2163.59570313,1374.5098877,4787.98242188
2161.63256836,2172.48828125,1608.09069824,4105.50097656
2166.88354492,2176.87109375,1517.63122559,-3236.38476563
2173.42993164,2181.32666016,1307.46264648,-4379.92333984
2179.35644531,2188.01977539,1286.37109375,4789.64599609
2178.75878906,2192.42919922,1340.87036133,9062.09765625
2171.1796875,2190.51904297,1309.71447754,2347.67407227
2161.59790039,2183.33154297,1395.54016113,-3262.15161133
2156.38134766,2175.73999023,1751.60839844,-321.578399658
2160.55371094,2173.28491211,2081.05932617,4754.74121094
2170.94580078,2175.71484375,2055.05444336,5077.02099609
2175.29516602,2175.63818359,1783.40771484,1889.15222168
2167.08984375,2169.48974609,1561.23303223,-13.6123857498
2155.04394531,2163.33422852,1480.19470215,1024.74658203
2150.97070313,2163.26464844,1519.68847656,2735.88305664
2157.42114258,2169.87597656,1681.4453125,2865.96386719
2170.78466797,2181.86865234,1862.08996582,2024.95654297
2184.61279297,2192.76464844,1914.1328125,1908.37451172
2188.89599609,2190.74560547,1899.87609863,2430.39599609
2178.99243164,2175.18920898,1966.68835449,2386.32324219
2164.99731445,2162.17114258,2041.63415527,1745.19641113
2161.61230469,2163.3503418,2013.73693848,1704.15136719
2171.15283203,2174.68188477,2044.00317383,2620.55957031
2184.29296875,2190.1640625,2280.81616211,3243.67285156
2192.36376953,2206.69921875,2497.32836914,2550.41699219
2192.19091797,2215.28149414,2424.88330078,1406.60803223
2185.08935547,2209.24804688,2176.28857422,1389.75512695
2177.94067383,2199.38574219,1980.4588623,2422.25292969
2179.63891602,2201.21582031,1837.27990723,2878.37329102
2190.20117188,2211.8984375,1739.15893555,2084.02270508
2199.1640625,2217.4453125,1833.22521973,1307.30541992
2199.56079102,2215.72729492,2108.70727539,1746.33898926
2194.87524414,2213.88818359,2318.35571289,2782.54003906
2188.24975586,2210.02905273,2344.85302734,3059.15649414
2178.22216797,2197.82421875,2276.81054688,2390.75537109
2169.62695313,2184.32348633,2175.05273438,1736.84399414
2171.58325195,2181.95117188,2134.14526367,1795.82409668
2180.34008789,2186.77416992,2341.03613281,2313.35888672
2183.18676758,2186.33227539,2702.19311523,2610.65209961
2180.88012695,2183.95068359,2791.11010742,2412.15454102
2184.92407227,2192.1262207,2509.78295898,2077.14111328
2194.25268555,2207.64379883,2306.87915039,2044.80212402
2197.79907227,2216.93652344,2431.38891602,2233.10986328
2196.97680664,2219.84106445,2559.92138672,2265.12915039
2202.36523438,2225.41577148,2454.24853516,2123.35180664
2211.54663086,2231.21630859,2350.61157227,2109.80615234
2211.85229492,2228.12426758,2411.62475586,2246.4128418
2202.42529297,2219.37011719,2410.12158203,2246.93334961
2195.01123047,2215.96264648,2224.29833984,2074.73461914
2194.94604492,2218.6003418,2101.82641602,2019.74597168
2196.84204102,2219.17333984,2209.22314453,2178.53173828
2197.22387695,2214.99121094,2357.55419922,2300.08935547
2198.05078125,2209.45581055,2327.12207031,2210.87280273
2198.71533203,2203.61181641,2156.89453125,2051.76025391
2195.63574219,2196.93334961,2053.50268555,2047.83618164
2190.03930664,2192.78759766,2161.89038086,2243.30810547
2188.56420898,2195.52856445,2360.71557617,2433.36425781
2195.40625,2203.90307617,2316.06445313,2326.29492188
2207.18017578,2211.61865234,1982.52954102,1955.14660645
2215.21435547,2213.28686523,1860.54101563,1799.09143066
2212.61791992,2207.80957031,2293.93017578,2127.46972656
2200.36328125,2197.36474609,2800.14257813,2489.42114258
2185.50366211,2185.14379883,2755.25952148,2397.73046875
2173.97509766,2174.41918945,2419.50097656,2154.52880859
2168.31103516,2168.47631836,2486.56738281,2310.32348633
2169.46948242,2169.00610352,2926.41259766,2704.45825195
2175.11206055,2173.93359375,3153.30883789,2820.38305664
2179.69824219,2179.11132813,3093.43359375,2718.63867188
2181.29614258,2182.57617188,3187.11352539,2817.42895508
2182.94775391,2184.66113281,3471.81933594,3047.11425781
2184.83251953,2185.09643555,3517.32836914,3005.89526367
2183.52246094,2184.03540039,3274.88256836,2787.04492188
2180.10742188,2184.28149414,3240.86230469,2907.50268555
2179.56176758,2188.05859375,3621.14355469,3401.84277344
2182.46020508,2193.40991211,3935.86328125,3656.13720703
2186.08789063,2196.98510742,3745.09277344,3331.67724609
2190.89038086,2197.57250977,3335.56616211,2884.82421875
2197.11572266,2195.25878906,3302.18579102,2864.00683594
2199.04418945,2190.87036133,3696.61743164,3174.91308594
2191.63208008,2186.64160156,3991.96118164,3374.31396484
2180.29003906,2184.16015625,3810.34155273,3266.64111328
2175.66723633,2182.76538086,3375.49755859,2961.94189453
2178.9675293,2181.41186523,3207.09985352,2716.578125
2179.81274414,2179.08374023,3486.31762695,2768.77319336
2170.984375,2174.09619141,3811.63867188,3019.3425293
2158.21704102,2167.33789063,3711.8293457,3091.11352539
2150.33325195,2163.55761719,3328.63110352,2929.31298828
2147.87988281,2165.37548828,3201.9152832,2826.67944336
2149.69799805,2170.04956055,3388.97924805,2744.00537109
2159.61694336,2173.65063477,3412.24023438,2402.55297852
2174.45385742,2173.328125,3137.11694336,2038.47241211
2179.67773438,2168.30444336,2924.40185547,2101.69555664
2171.76660156,2164.09887695,2816.14355469,2355.45336914
2166.56811523,2167.63378906,2448.37255859,2262.52807617
2171.03833008,2173.97363281,1900.7578125,1969.66516113
2171.21728516,2171.55834961,1752.97460938,1994.90893555
2160.92700195,2161.21679688,2132.56860352,2312.93115234
2152.20605469,2151.3059082,2446.59936523,2482.03833008
2148.7746582,2139.70385742,2217.60449219,2319.7565918
2142.87792969,2124.45776367,1677.90734863,2013.84155273
2139.78637695,2119.84448242,1408.21508789,1853.66992188
2149.89477539,2134.17822266,1632.65039063,1984.59692383
2162.40966797,2148.97460938,1993.94384766,2251.60693359
2160.6015625,2146.94140625,2068.88183594,2398.47094727
2150.80810547,2138.07348633,1960.87426758,2435.94433594
2147.39526367,2134.43994141,2036.4855957,2496.74926758
2146.26000977,2126.91552734,2221.3581543,2463.41186523
2137.46044922,2108.49609375,2148.77026367,2207.60620117
2126.55639648,2092.45776367,1881.85644531,1972.19433594
2123.93457031,2089.26757813,1782.88037109,2011.43945313
2127.04736328,2090.71020508,1821.23303223,2153.94067383
2128.57226563,2089.73803711,1740.04711914,2175.84448242
2131.69726563,2093.34130859,1665.34924316,2202.59936523
2141.97705078,2105.1965332,1826.69250488,2338.92382813
2150.77563477,2114.46118164,1993.85778809,2380.76464844
2145.51586914,2112.63134766,1855.79064941,2230.53515625
2132.72265625,2107.51416016,1584.71557617,2095.2746582
2128.93017578,2109.16918945,1489.88757324,2070.10400391
2133.35107422,2113.33691406,1560.95983887,2054.78149414
2134.35742188,2111.63647461,1739.13781738,2119.47827148
2133.86889648,2107.43115234,2087.20068359,2364.20385742
2138.40161133,2106.80615234,2409.23095703,2507.31958008
2139.78198242,2105.16918945,2330.50756836,2249.16259766
2130.40991211,2098.27148438,1961.2857666,1870.33190918
2120.13110352,2093.56835938,1829.48974609,1838.95959473
2118.15942383,2096.61865234,2047.88916016,2070.15185547
2119.7590332,2101.8059082,2228.61206055,2181.55932617
2122.87719727,2106.90551758,2233.4675293,2181.01831055
2132.41650391,2117.24682617,2273.87280273,2285.90771484
2142.12939453,2128.95166016,2300.09912109,2356.87646484
2139.05615234,2130.80078125,2060.0871582,2149.99926758
2126.98071289,2125.36572266,1736.82421875,1907.18432617
2121.14135742,2125.12548828,1785.59008789,2053.51635742
2124.41040039,2130.39575195,2156.84619141,2437.90722656
2130.28173828,2133.71972656,2358.86938477,2507.28027344
2139.01342773,2137.56860352,2268.59301758,2192.31640625
2150.09838867,2145.02661133,2243.58300781,1986.41455078
2151.86450195,2145.31518555,2413.40429688,2101.4296875
2138.28637695,2131.25952148,2466.19726563,2188.81079102
2123.23120117,2117.58764648,2262.01391602,2044.98046875
2121.82763672,2120.42504883,2110.41235352,1958.55566406
2130.79760742,2132.14770508,2199.4362793,2102.75952148
2139.2277832,2136.25708008,2259.91845703,2187.34814453
2144.69482422,2133.84643555,2154.99902344,2068.61132813
2148.66015625,2135.75268555,2259.62133789,2121.62695313
2148.35131836,2139.92895508,2726.27392578,2529.48803711
2142.12231445,2137.3359375,2954.63183594,2759.56689453
2134.95336914,2132.51538086,2486.24609375,2359.92211914
2131.82250977,2136.36474609,1829.12902832,1768.07678223
2130.1105957,2142.89770508,1622.84692383,1628.25244141
2125.15087891,2137.03491211,1656.61462402,1811.86572266
2120.92993164,2123.38964844,1531.30981445,1875.23718262
2125.89697266,2120.80371094,1530.14294434,1934.09729004
2138.06201172,2129.07104492,1957.02111816,2248.46533203
2146.66235352,2130.42797852,2360.98535156,2490.19189453
2149.74560547,2123.76513672,2261.15991211,2274.5012207
2154.61010742,2125.48876953,1961.59338379,1919.30175781
2160.4284668,2136.72900391,1925.77502441,1901.53723145
2159.24804688,2142.50024414,1991.70031738,2047.53771973
2153.39794922,2141.66845703,1846.35388184,1971.60546875
2151.32104492,2145.03662109,1685.74829102,1826.4954834
2149.35083008,2148.26220703,1801.18188477,1917.91784668
2138.99902344,2139.18579102,1991.6697998,2039.7244873
2126.77856445,2125.35009766,1935.40283203,1893.38549805
2125.9699707,2123.61108398,1758.14819336,1720.68017578
2135.4921875,2131.08398438,1749.45019531,1844.46618652
2144.58618164,2133.82055664,1865.72521973,2071.67773438
2149.98876953,2133.11767578,1954.02038574,2176.89575195
2154.48876953,2138.04443359,2104.71948242,2363.48632813
2157.72167969,2144.14013672,2358.00805664,2661.75732422
2158.39331055,2142.39404297,2443.07446289,2625.55419922
2157.44897461,2137.32617188,2211.27368164,2161.1652832
2155.25,2137.11376953,1936.35412598,1818.44470215
2153.0559082,2138.54956055,1855.33959961,1858.78637695
2154.33740234,2136.93603516,1851.81445313,1943.66467285
2157.54101563,2136.81616211,1847.3939209,1956.98254395
2155.80712891,2140.80249023,1985.29516602,2134.57128906
2149.08618164,2142.03125,2198.24536133,2316.5793457
2144.14575195,2136.54394531,2159.78222656,2112.69628906
2140.64477539,2129.89160156,1871.9979248,1755.20092773
2133.07495117,2126.51879883,1737.0793457,1790.35864258
2125.86450195,2124.94702148,1907.07824707,2122.98168945
2129.35058594,2125.35375977,2137.89770508,2297.45288086
2142.23120117,2130.39233398,2324.64672852,2353.54150391
2152.77319336,2137.75488281,2556.51416016,2511.5859375
2155.45849609,2141.74072266,2677.29101563,2518.20800781
2155.63745117,2142.55371094,2445.42211914,2152.17578125
2158.87158203,2145.53613281,2052.54638672,1797.63366699
2162.34838867,2150.27783203,1895.26367188,1798.22961426
2158.78540039,2148.94262695,2003.24975586,1912.62915039
2146.99194336,2138.37915039,2180.17456055,1948.75146484
2133.65722656,2125.70068359,2391.55932617,2127.26538086
2123.88330078,2117.79663086,2576.42480469,2403.13891602
2118.15991211,2114.18457031,2497.0144043,2338.73168945
2119.65356445,2114.3449707,2167.01025391,1964.02648926
2132.34033203,2121.42236328,1971.62182617,1829.16442871
2150.39428711,2133.62792969,2081.04711914,2042.34387207
2161.52612305,2141.94018555,2253.4387207,2206.64404297
2161.02661133,2140.84350586,2373.69555664,2291.77807617
2153.73925781,2134.40258789,2582.76098633,2561.77612305
2145.72802734,2129.8972168,2779.15820313,2782.81787109
2139.98266602,2129.82275391,2649.06640625,2530.07373047
2135.32641602,2130.51733398,2255.47119141,2057.4753418
2127.70336914,2127.55908203,1984.60534668,1919.36975098
2117.12646484,2121.90307617,1936.70629883,2066.64794922
2110.20727539,2117.43457031,1925.57885742,2134.62231445
2111.73022461,2113.91113281,1939.48876953,2163.36889648
2119.28100586,2109.5300293,2084.40405273,2327.91186523
2127.90576172,2107.89892578,2244.83959961,2442.85693359
2133.91943359,2113.04980469,2212.91064453,2282.35400391
2135.57666016,2121.33520508,2005.06347656,1991.10290527
2135.08789063,2126.86816406,1833.62219238,1867.29907227
2136.20947266,2128.93774414,1886.10229492,2007.67944336
2138.703125,2128.14135742,2146.00634766,2244.44360352
2141.203125,2123.8046875,2354.14355469,2313.4230957
2145.3034668,2118.31201172,2284.0300293,2147.37963867
2149.25219727,2115.39916992,2042.54968262,1946.26269531
2147.29785156,2115.89916992,1880.23144531,1875.98461914
2142.8371582,2122.18676758,1865.55480957,1963.0255127
2147.22119141,2137.93334961,2015.43981934,2314.90869141
2158.61572266,2156.24755859,2426.95703125,2967.72802734
2160.53662109,2161.64160156,2953.60717773,3511.3972168
2147.09936523,2150.89477539,3136.88232422,3426.59082031
2130.73168945,2137.27001953,2786.07397461,2782.61450195
2121.7668457,2129.85253906,2266.05908203,2129.76489258
2118.51904297,2125.11352539,1975.93054199,1809.97094727
2118.2253418,2121.48461914,1910.06933594,1774.26733398
2121.9909668,2124.51367188,1926.21594238,1921.99938965
2128.92895508,2133.13378906,2066.98364258,2222.9284668
2135.4128418,2135.9765625,2344.40673828,2524.6105957
2138.89306641,2127.93579102,2501.6887207,2557.48803711
2139.75439453,2119.73242188,2341.09643555,2291.03491211
2142.10180664,2122.91455078,2090.66479492,2068.23120117
2148.44824219,2132.42285156,2065.52563477,2138.23535156
2150.7121582,2134.3359375,2186.34790039,2318.34106445
2137.92407227,2126.49243164,2272.48535156,2439.62304688
2116.09375,2118.17236328,2477.5144043,2692.73120117
2103.66235352,2111.89648438,2876.87524414,3089.00097656
2104.46411133,2102.44824219,3042.74560547,3147.32202148
2105.51806641,2093.82568359,2660.52832031,2647.60205078
2103.25512695,2098.03637695,2119.75585938,2098.05200195
2108.41088867,2114.60424805,1913.5423584,1966.96435547
2122.30249023,2129.359375,1954.2746582,2070.34301758
2131.81958008,2135.4453125,1971.02722168,2118.96069336
2132.30078125,2138.5456543,2026.05432129,2210.23046875
2134.95898438,2141.71264648,2196.08154297,2392.37768555
2146.47583008,2142.04956055,2249.57861328,2365.88549805
2157.92089844,2141.17358398,2030.41955566,2016.15148926
2160.30615234,2144.22143555,1785.74389648,1726.92089844
2158.2956543,2150.4921875,1804.63647461,1804.55407715
2159.78759766,2154.80737305,1990.67419434,2031.99108887
2160.84741211,2153.99267578,2057.73632813,2102.49829102
2153.08178711,2147.54858398,1986.20812988,2076.28637695
2141.5012207,2138.38647461,1999.85241699,2119.79711914
2140.171875,2133.42358398,2143.98583984,2174.36743164
2149.94970703,2136.24121094,2196.28149414,2130.53222656
2155.6887207,2141.20507813,2039.89660645,2016.65966797
2148.30053711,2140.85717773,1828.15209961,1871.75476074
2135.640625,2135.40039063,1708.06774902,1704.00036621
2128.22167969,2130.41088867,1672.21228027,1609.95581055
2127.02124023,2129.31616211,1737.70385742,1681.91247559
2129.87768555,2132.27124023,1964.40881348,1832.79760742
2138.99829102,2139.60375977,2249.51098633,1930.07397461
2154.75048828,2150.60131836,2378.77880859,1993.73413086
2168.26855469,2158.35083008,2290.13012695,2052.70825195
2170.44458008,2154.54418945,2095.00805664,1993.64306641
2167.43041992,2144.44873047,1937.92272949,1820.82495117
2173.87573242,2144.65551758,1964.22167969,1827.52404785
2187.31152344,2157.2043457,2213.37011719,2142.71484375
2187.27929688,2162.90405273,2457.93212891,2379.98413086
2167.40649414,2151.40722656,2426.41333008,2199.69750977
2146.1953125,2136.20043945,2188.52832031,1887.68774414
2136.80908203,2128.23364258,2001.53344727,1833.0032959
2132.45092773,2121.44458008,1902.88977051,1879.97912598
2130.48754883,2116.01806641,1837.1986084,1826.19189453
2140.47192383,2125.45361328,1957.81359863,1986.8939209
2158.95410156,2148.10595703,2358.44506836,2550.5456543
2167.38867188,2162.10107422,2735.89672852,2987.82226563
2163.39233398,2160.43066406,2730.40771484,2807.11547852
2164.90820313,2162.20727539,2407.96826172,2315.98242188
2177.32006836,2177.68408203,2101.38037109,2046.82922363
2184.13867188,2189.89355469,1949.49060059,1987.53686523
2176.07348633,2184.61474609,1837.00415039,1869.77490234
2164.76757813,2173.91503906,1691.15576172,1736.18737793
2161.9387207,2174.05493164,1625.29504395,1791.51757813
2165.6574707,2180.88745117,1738.80749512,1997.2833252
2171.87353516,2183.76196289,1918.05334473,2134.18823242
2180.93701172,2184.68408203,1995.18725586,2122.97802734
2188.90698242,2186.67456055,2017.57629395,2092.33520508
2188.89868164,2181.76831055,2142.72216797,2173.6472168
2183.07373047,2167.24145508,2317.31542969,2311.35522461
2179.22680664,2155.85229492,2302.69506836,2302.91308594
2177.48583984,2156.21044922,2031.43054199,2075.52783203
2173.27514648,2160.3840332,1737.07092285,1860.34619141
2167.43725586,2159.64111328,1653.50549316,1893.8651123
2162.0769043,2155.30102539,1732.38842773,2044.74780273
2156.00170898,2150.88354492,1810.93676758,2095.4230957
2152.92675781,2149.2902832,1935.78112793,2221.58081055
2160.86499023,2155.37548828,2231.37133789,2636.96386719
2176.48535156,2167.80615234,2520.33544922,2990.76855469
2184.62158203,2174.87817383,2482.95874023,2821.97631836
2178.48168945,2168.95751953,2180.22265625,2343.96411133
2167.10668945,2156.37207031,1982.32373047,2068.25854492
2159.98901367,2145.55615234,2017.33984375,2035.53955078
2156.1315918,2135.24560547,2123.21118164,2060.89331055
2151.02416992,2121.25854492,2219.5690918,2199.99438477
2145.58203125,2106.98071289,2299.09521484,2421.22631836
2143.77148438,2099.53759766,2246.98632813,2433.26953125
2145.43115234,2099.72436523,2040.67041016,2212.47119141
2147.13037109,2103.90844727,1889.60839844,2079.61743164
2149.99267578,2113.74243164,1940.19628906,2146.54174805
2159.49267578,2133.02172852,2130.59472656,2296.86450195
2174.64746094,2155.32080078,2401.76660156,2551.58984375
2185.30712891,2168.17041016,2688.90917969,2863.67822266
2185.00244141,2170.13256836,2769.2902832,2900.14868164
2179.92773438,2170.52490234,2526.84814453,2556.90161133
2180.07543945,2173.41748047,2227.81958008,2253.52050781
2185.86279297,2174.61010742,2160.80444336,2307.85253906
2189.73168945,2172.14428711,2236.27783203,2500.95556641
2190.54125977,2169.81054688,2265.24267578,2551.89135742
2197.79467773,2172.75195313,2305.4230957,2521.19433594
2215.9675293,2184.25878906,2434.4777832,2521.10546875
2234.89599609,2203.42382813,2536.38208008,2483.8581543
2246.35498047,2225.86523438,2548.3371582,2397.70825195
2257.68261719,2249.46875,2574.39379883,2394.33813477
2275.2109375,2274.72460938,2625.84350586,2469.4375
2289.84838867,2298.10180664,2601.62280273,2444.55517578
2294.94116211,2314.06298828,2552.3840332,2289.0793457
2300.47192383,2324.30932617,2601.35766602,2163.73095703
2313.05810547,2334.19799805,2667.23046875,2130.30517578
2320.45751953,2340.49926758,2619.08911133,2149.59106445
2312.05981445,2334.87011719,2546.78295898,2274.2487793
2297.66870117,2319.15649414,2546.60449219,2476.60375977
2291.28613281,2304.8112793,2489.20043945,2496.59741211
2291.21508789,2296.75463867,2290.51464844,2236.94750977
2289.66040039,2290.26342773,2098.64770508,1989.56347656
2288.72387695,2284.47607422,1999.30712891,1953.91247559
2292.73217773,2284.82470703,1889.41442871,1959.40527344
2295.15087891,2289.64892578,1756.71508789,1895.4810791
2287.38574219,2288.91040039,1726.97875977,1914.93493652
2272.71508789,2279.11206055,1812.6550293,2050.0625
2258.60522461,2265.40429688,1913.13684082,2117.06469727
2243.14550781,2248.61132813,1985.04919434,2080.07666016
2222.34716797,2226.17675781,2011.69140625,2085.25878906
2203.34716797,2204.22998047,1979.61523438,2152.69702148
2196.3125,2191.64331055,1975.78100586,2187.16455078
2198.64624023,2185.96289063,2064.44775391,2194.21704102
2199.51782227,2180.12548828,2101.23291016,2210.12670898
2194.38452148,2173.65429688,1958.3248291,2183.01806641
2184.28491211,2164.98217773,1787.33789063,2119.15405273
2169.24951172,2149.52856445,1750.02978516,2116.20141602
2154.06738281,2134.8996582,1727.08105469,2131.79663086
2150.02612305,2134.91137695,1602.73095703,2024.00024414
2159.05957031,2143.89135742,1538.89465332,1884.14868164
2168.27661133,2144.97192383,1672.89672852,1958.96032715
2168.84521484,2140.95239258,1851.51306152,2202.47485352
2164.4309082,2144.34399414,1908.34472656,2301.48754883
2157.45947266,2148.29345703,1918.54943848,2183.22705078
2148.53393555,2143.65185547,1999.71655273,2108.1862793
2148.31420898,2145.81176758,2106.73095703,2202.57666016
2164.61523438,2167.11206055,2162.02587891,2277.5402832
2182.89868164,2187.26147461,2215.00170898,2227.12402344
2184.44238281,2185.97436523,2351.95605469,2230.15527344
2173.38378906,2175.92749023,2524.36938477,2348.35693359
2163.45507813,2173.27490234,2571.359375,2302.20068359
2153.87255859,2167.65063477,2415.55273438,1949.17468262
2139.40380859,2148.18920898,2151.18481445,1613.81958008
2127.51123047,2128.90087891,1925.84082031,1613.53991699
2126.01049805,2124.96655273,1827.7869873,1816.91003418
2126.94775391,2128.63867188,1860.37548828,1939.66784668
2119.67382813,2127.36157227,1928.09899902,1945.49255371
2111.20922852,2126.14135742,1949.3548584,1995.23327637
2116.75952148,2134.91845703,2018.75012207,2207.22460938
2133.23974609,2147.59448242,2211.65917969,2457.56713867
2141.59814453,2151.13476563,2296.40429688,2437.44311523
2137.58056641,2147.69238281,2065.46313477,2122.22167969
2136.87158203,2149.57373047,1777.53735352,1908.60253906
2144.38061523,2156.34985352,1740.97692871,1964.24658203
2146.82421875,2156.26904297,1799.25,2011.70043945
2142.18505859,2147.94335938,1796.88171387,2066.99194336
2143.86254883,2140.74316406,1994.68933105,2488.34765625
2150.46655273,2136.8815918,2422.05200195,3013.90551758
2146.64941406,2132.96020508,2534.60131836,2889.50927734
2136.2578125,2133.70263672,2100.37890625,2179.00341797
2139.20166016,2144.65722656,1650.19567871,1747.29418945
2156.18652344,2158.8527832,1587.67944336,1855.35974121
2169.0625,2167.44775391,1686.19274902,1985.74023438
2170.92236328,2172.36157227,1787.55981445,2013.86621094
2167.72412109,2174.96630859,2095.12451172,2308.88012695
2160.64819336,2169.36474609,2513.00390625,2723.93554688
2151.01831055,2158.68969727,2580.06103516,2677.59521484
2148.0378418,2155.95556641,2264.18530273,2225.65844727
2152.60083008,2159.21899414,2029.06774902,1994.51818848
2152.04516602,2152.9699707,2045.37072754,2110.97265625
2143.88525391,2140.12792969,2086.87207031,2175.91162109
2141.54833984,2140.04125977,2144.87695313,2153.83544922
2149.74829102,2152.64086914,2390.40600586,2320.69384766
2161.2734375,2161.34326172,2637.13671875,2510.99536133
2177.37475586,2167.8984375,2539.4074707,2332.84545898
2199.35229492,2183.49291992,2192.80566406,1930.92028809
2207.71069336,2194.00537109,1976.21630859,1762.26391602
2186.16088867,2177.82763672,1992.84387207,1874.74084473
2154.51513672,2147.49121094,2105.28637695,2017.94067383
2141.94067383,2132.59448242,2264.64111328,2133.99365234
2144.57275391,2134.92407227,2448.61376953,2256.93945313
2142.89648438,2136.61083984,2536.81835938,2285.44238281
2138.6315918,2135.63818359,2500.13378906,2201.68603516
2141.81542969,2140.13037109,2463.80981445,2166.53125
2144.33837891,2144.27612305,2477.02148438,2226.67822266
2136.64697266,2138.92529297,2504.22607422,2289.00854492
2130.62182617,2131.82666016,2610.8996582,2377.01342773
2140.01074219,2134.89135742,2810.41650391,2521.16870117
2155.2590332,2144.59594727,2878.26708984,2560.66064453
2159.88745117,2151.64135742,2716.70117188,2449.81274414
2157.63183594,2156.71606445,2631.31152344,2443.40136719
2162.65844727,2163.73095703,2809.97265625,2613.36181641
2173.06665039,2169.72802734,2916.25097656,2637.33813477
2174.52661133,2170.97314453,2660.08789063,2376.015625
2165.16943359,2168.65771484,2320.3425293,2134.89868164
2157.51098633,2163.66210938,2258.38354492,2130.84057617
2157.06347656,2155.4675293,2362.35961914,2208.31420898
2157.90649414,2148.25292969,2366.52539063,2212.90820313
2159.98388672,2148.67675781,2334.34033203,2231.37597656
2170.47241211,2155.88720703,2460.9909668,2369.74194336
2185.02197266,2161.14282227,2625.78857422,2505.36816406
2188.63134766,2159.35986328,2487.62084961,2373.84619141
2179.67797852,2155.2980957,2028.87072754,1972.3371582
2172.87402344,2155.46435547,1698.49951172,1723.31958008
2174.30078125,2158.703125,1821.49487305,1934.50427246
2173.14697266,2159.05761719,2158.38720703,2327.79248047
2162.68017578,2154.7824707,2349.08422852,2527.77783203
2151.88232422,2150.33496094,2454.11206055,2640.26831055
2149.44555664,2149.81176758,2663.60961914,2841.07617188
2148.94555664,2150.43237305,2803.14135742,2865.13476563
2140.5246582,2146.52368164,2582.55981445,2462.33227539
2130.04907227,2141.19848633,2130.44165039,1944.7244873
2130.42651367,2143.51342773,1873.50402832,1779.0255127
2137.25,2149.97851563,1944.0435791,1932.28979492
2136.96801758,2148.18066406,2057.78491211,2039.70214844
2136.89868164,2144.16113281,2063.88745117,2055.35693359
2153.88720703,2156.74267578,2236.90600586,2306.48510742
2176.10229492,2178.61474609,2722.29833984,2832.5546875
2176.76123047,2180.69995117,3086.63745117,3111.62719727
2160.34033203,2160.53515625,2911.81274414,2778.23754883
2151.91699219,2145.04858398,2454.26049805,2210.51977539
2152.05712891,2143.77709961,2156.50683594,1916.80383301
2145.49633789,2141.89526367,1964.31445313,1791.78112793
2137.62817383,2137.67114258,1737.13146973,1598.6015625
2141.83081055,2144.95947266,1772.84924316,1634.18286133
2149.58276367,2160.57226563,2237.02758789,2134.64868164
2146.93652344,2165.81152344,2640.2902832,2587.11083984
2141.32446289,2158.86547852,2556.47900391,2471.02612305
2145.97436523,2156.2878418,2296.05712891,2120.72753906
2156.08251953,2164.39575195,2288.40771484,2081.71679688
2160.42993164,2172.85253906,2423.84594727,2250.59008789
2160.40698242,2173.97094727,2516.65576172,2346.7331543
2161.77392578,2169.24560547,2728.04077148,2513.88452148
2162.07983398,2160.87231445,3064.84008789,2825.87011719
2159.4777832,2152.36743164,3147.57421875,2919.59667969
2160.23291016,2151.26708984,2849.28149414,2615.74072266
2166.04248047,2159.16040039,2520.16943359,2234.765625
2167.82421875,2167.76904297,2373.98730469,2028.12939453
2162.14550781,2172.62060547,2290.60595703,1947.54467773
2159.55859375,2178.34375,2276.33764648,2022.3371582
2167.35302734,2185.59936523,2476.44018555,2305.70458984
2177.92138672,2187.79296875,2765.26586914,2544.2722168
2182.79882813,2184.64599609,2885.14086914,2493.95043945
2183.98193359,2183.11694336,2858.79321289,2335.46533203
2182.08300781,2181.32421875,2823.12744141,2308.52368164
2169.23803711,2168.79467773,2733.84008789,2334.78076172
2146.82788086,2148.14526367,2616.05053711,2380.97998047
2134.33764648,2138.57788086,2715.37255859,2641.60375977
2144.0456543,2148.93408203,3041.57397461,3029.72729492
2161.55810547,2164.02929688,3196.57397461,3101.34741211
2168.02026367,2168.0078125,2958.46191406,2736.82641602
2165.28442383,2164.65380859,2579.66064453,2293.42749023
2162.30371094,2163.4387207,2300.14306641,1997.81762695
2155.64282227,2162.38232422,2084.5559082,1811.47937012
2142.48120117,2157.99194336,1977.79052734,1818.29187012
2134.60839844,2157.4855957,2144.69189453,2096.17431641
2140.05053711,2166.71508789,2446.8581543,2372.91625977
2146.94677734,2176.71069336,2522.68603516,2369.16699219
2143.4453125,2176.20288086,2331.88085938,2214.38793945
2138.23413086,2169.97412109,2161.90893555,2132.23291016
2144.06933594,2170.90332031,2173.16625977,2133.9453125
2155.38208008,2178.90112305,2338.44018555,2275.65063477
2159.70336914,2182.4765625,2642.77539063,2672.43725586
2157.88745117,2178.12207031,2978.03613281,3090.76049805
2155.84423828,2172.65332031,3076.90795898,3099.09790039
2149.98657227,2168.27587891,2836.73046875,2690.97119141
2137.95727539,2160.96386719,2451.2265625,2240.70727539
2129.6965332,2152.04638672,2087.43603516,1934.22912598
2131.94921875,2146.93457031,1778.24707031,1742.24475098
2135.7890625,2144.43505859,1657.43859863,1742.45263672
2132.36743164,2139.61816406,1859.25732422,1978.56262207
2126.56518555,2133.87109375,2203.52612305,2235.9050293
2125.08081055,2131.3984375,2400.69140625,2318.44287109
2125.54052734,2130.41479492,2448.19946289,2270.45483398
2125.41577148,2127.98364258,2474.8918457,2166.03930664
2128.29418945,2128.30126953,2471.87963867,2066.04345703
2134.84716797,2135.828125,2462.96411133,2153.62329102
2139.64599609,2146.11157227,2549.00708008,2430.95214844
2142.11181641,2154.12304688,2621.4440918,2508.77709961
2148.70874023,2163.33374023,2495.41748047,2221.60229492
2159.88134766,2174.47924805,2301.44677734,1986.11376953
2167.66040039,2177.60375977,2257.20166016,2036.26733398
2170.06982422,2169.67675781,2300.50292969,2050.39453125
2173.56713867,2164.05419922,2398.14819336,1998.23327637
2177.9909668,2166.65991211,2719.77490234,2317.44140625
2175.03808594,2163.40307617,3107.87744141,2841.18164063
2164.6706543,2148.28881836,3061.59643555,2788.09594727
2156.99169922,2139.36791992,2564.81005859,2133.68896484
2155.46362305,2148.15942383,2160.56591797,1692.45959473
2153.21508789,2159.00830078,2040.95593262,1708.53137207
2147.86230469,2157.38378906,1903.70776367,1690.47387695
2146.13842773,2152.60205078,1737.05444336,1595.77526855
2150.04223633,2153.44677734,1841.64587402,1843.90698242
2150.3828125,2147.26513672,2089.90136719,2271.76782227
2142.21118164,2125.97460938,2051.28466797,2313.39257813
2137.25219727,2110.12353516,1807.69482422,2051.63891602
2147.34863281,2120.54394531,1813.15332031,2014.78271484
2162.84082031,2143.89672852,2057.09790039,2191.8828125
2166.49584961,2154.47485352,2178.4230957,2219.88720703
2161.71557617,2154.2121582,2223.08642578,2194.28955078
2162.74536133,2160.68383789,2461.08691406,2381.23632813
2166.27197266,2171.25219727,2686.36254883,2528.95385742
2161.10766602,2171.84814453,2523.90966797,2303.66210938
2153.83203125,2166.7902832,2155.89331055,1955.62329102
2155.88354492,2169.26733398,1979.42736816,1832.35925293
2161.28735352,2176.57226563,1917.48706055,1788.80822754
2162.65820313,2179.37402344,1773.68981934,1693.04516602
2167.89013672,2179.77124023,1774.19958496,1823.83679199
2180.12890625,2182.42993164,2070.68286133,2211.52172852
2185.56640625,2183.46411133,2267.08642578,2359.10888672
2175.78564453,2178.1784668,2076.54736328,2095.45043945
2159.15600586,2167.24169922,1849.25500488,1897.89953613
2144.78808594,2154.23120117,1917.51184082,2029.91369629
2136.56176758,2146.44213867,2082.86303711,2210.14160156
2139.94848633,2151.33911133,2175.68481445,2322.07983398
2154.63232422,2164.70825195,2376.6340332,2548.3762207
2166.5065918,2172.07275391,2632.84375,2728.46411133
2162.73925781,2166.5065918,2533.35351563,2483.96435547
2148.31811523,2155.22558594,2050.00488281,1972.55993652
2137.44580078,2147.01904297,1668.97753906,1710.69726563
2134.5925293,2142.71337891,1614.6550293,1770.69665527
2132.53417969,2139.54858398,1631.28405762,1849.72875977
2127.23901367,2137.66870117,1599.51818848,1900.20666504
2124.94262695,2138.44287109,1695.41748047,2060.87280273
2128.71557617,2139.10229492,1887.56274414,2213.0065918
2129.81176758,2135.01538086,1892.68591309,2152.7019043
2124.69604492,2128.90600586,1703.9934082,2001.44702148
2124.96728516,2130.27416992,1643.68811035,2020.28649902
2134.63305664,2141.48486328,1826.1036377,2191.34008789
2139.70532227,2153.53881836,2028.48132324,2319.2668457
2137.13793945,2160.82275391,2137.26269531,2377.56494141
2145.00561523,2168.94970703,2269.64379883,2442.48535156
2167.41748047,2181.31176758,2412.52416992,2442.85229492
2182.01147461,2189.17431641,2384.61694336,2286.6574707
2176.01977539,2183.46655273,2187.34667969,2086.09790039
2162.71972656,2168.36157227,2009.84912109,1987.46313477
2154.42822266,2155.87475586,1934.52648926,1975.03686523
2149.15112305,2151.76489258,1951.71130371,2043.91223145
2146.43310547,2152.28515625,2089.078125,2255.37646484
2150.4206543,2152.42504883,2259.07519531,2468.6730957
2156.87084961,2151.54199219,2259.90039063,2433.93237305
2155.6027832,2149.06713867,2126.59008789,2241.97314453
2144.72631836,2140.42211914,2118.70117188,2198.52758789
2132.39501953,2124.47412109,2256.16625977,2271.92236328
2127.86157227,2112.11694336,2311.19238281,2229.2253418
2135.35351563,2116.96386719,2295.31567383,2201.4230957
2151.37866211,2136.1862793,2442.10742188,2450.93481445
2165.38671875,2150.85302734,2679.2331543,2719.23388672
2168.88793945,2149.37451172,2657.65112305,2533.40917969
2164.93530273,2140.31005859,2366.27270508,2050.36816406
2161.72583008,2134.93066406,2191.39697266,1856.68676758
2158.99707031,2129.72827148,2279.37548828,2028.39135742
2152.61132813,2120.05981445,2366.60351563,2151.11401367
2149.32006836,2117.95166016,2361.14111328,2181.98144531
2158.9465332,2134.13989258,2539.90893555,2469.48095703
2173.04321289,2152.32495117,2965.46801758,2935.99658203
2172.15356445,2148.21142578,3222.83764648,3048.80639648
2154.83081055,2127.32275391,2999.37573242,2663.84594727
2138.12548828,2115.30273438,2530.50927734,2227.73754883
2129.06396484,2116.81591797,2244.36303711,2087.85913086
2118.71435547,2114.79150391,2248.88476563,2117.76660156
2106.49169922,2105.94702148,2348.28320313,2084.53222656
2106.13427734,2105.01416016,2400.87084961,2042.56884766
2120.54345703,2113.87084961,2481.7355957,2212.66430664
2132.11499023,2116.04150391,2656.59082031,2542.85180664
2128.79589844,2105.89672852,2748.70166016,2631.53125
2121.67651367,2098.95263672,2573.61450195,2306.51757813
2124.10107422,2106.52709961,2294.89208984,1971.9140625
2129.79052734,2118.77880859,2177.99511719,1972.94299316
2126.55615234,2121.10180664,2130.40600586,2047.71191406
2117.77270508,2114.33422852,1942.75488281,1930.2623291
2114.56616211,2109.48461914,1777.73864746,1914.61437988
2116.55322266,2109.99658203,1893.86120605,2213.97241211
2114.6628418,2109.47143555,2124.82885742,2428.04443359
2108.60693359,2106.0769043,2149.42578125,2258.05029297
2109.45532227,2109.00292969,2017.35864258,2056.25732422
2122.62915039,2124.08105469,1968.8260498,2142.14819336
2138.19995117,2141.49414063,2025.00146484,2288.63720703
2146.23388672,2149.19165039,2102.34301758,2294.47900391
2151.74780273,2150.52368164,2216.7331543,2341.06884766
2161.11938477,2154.53369141,2321.00048828,2479.15649414
2165.77539063,2157.83691406,2256.54785156,2457.63745117
2156.93383789,2151.88549805,2022.99597168,2247.64868164
2143.1784668,2139.20483398,1803.2824707,2101.90234375
2135.52490234,2127.94604492,1686.56689453,2059.9699707
2130.23803711,2119.41088867,1640.74536133,1979.08276367
2122.47314453,2112.57470703,1670.93237305,1940.76123047
2120.07226563,2111.60717773,1743.78283691,2077.8894043
2129.11352539,2119.00512695,1731.46777344,2216.05224609
2140.54760742,2128.12133789,1637.91015625,2170.98071289
2142.93261719,2129.74633789,1628.25305176,2098.99658203
2137.57348633,2122.53759766,1719.13391113,2156.63305664
2133.34008789,2113.42919922,1772.21044922,2203.02636719
2134.18164063,2110.17871094,1815.13696289,2158.59472656
2137.35375977,2115.27734375,1972.0090332,2205.79858398
2140.21972656,2125.39599609,2133.67919922,2379.25415039
2143.75073242,2134.58422852,2117.67480469,2431.87231445
2147.69482422,2137.75708008,2022.80200195,2287.48413086
2146.91040039,2133.64575195,2019.01452637,2153.22924805
2139.60546875,2126.86499023,2009.43395996,2106.4440918
2135.16479492,2125.109375,1894.30834961,2044.51916504
2142.04174805,2130.80712891,1861.17077637,2011.42175293
2151.88427734,2137.26733398,2026.57336426,2104.86938477
2150.96313477,2136.63574219,2151.4753418,2189.01513672
2141.93945313,2128.61938477,2062.19848633,2122.74023438
2136.59472656,2117.76196289,1948.46618652,2038.52587891
2135.28808594,2108.00292969,1955.95532227,2047.61230469
2132.21289063,2103.43383789,1943.27526855,2021.88867188
2129.40185547,2105.29858398,1877.52001953,1939.46057129
2129.23608398,2106.44995117,1963.28063965,1993.56933594
2127.77270508,2100.85498047,2178.94995117,2160.68652344
2125.55200195,2095.58129883,2211.515625,2174.46826172
2127.66162109,2098.08251953,2016.35913086,2040.32141113
2131.56152344,2101.35717773,1912.69921875,2020.64855957
2133.12817383,2099.68530273,2006.66394043,2092.76904297
2137.53979492,2102.58764648,2063.18945313,2018.23937988
2147.56665039,2114.46313477,2029.34033203,1891.90686035
2155.00976563,2121.97729492,2121.20214844,2000.73620605
2155.87817383,2118.63989258,2323.77441406,2237.51171875
2156.27172852,2117.42504883,2366.9206543,2265.73535156
2156.84619141,2125.25683594,2261.2434082,2140.62768555
2150.75952148,2130.08569336,2313.05957031,2178.8605957
2140.02880859,2124.49194336,2554.60864258,2350.66235352
2137.17578125,2119.62207031,2683.48046875,2372.50097656
2148.35180664,2125.58178711,2603.41479492,2268.39941406
2164.55639648,2134.50927734,2523.28759766,2275.99072266
2171.1862793,2132.85693359,2505.42993164,2323.67822266
2163.2878418,2120.7746582,2392.9440918,2165.12402344
2149.37744141,2109.37866211,2181.55151367,1903.06213379
2139.19995117,2103.37890625,2038.42248535,1828.75170898
2133.0703125,2097.95605469,1997.36962891,1907.50085449
2128.02783203,2092.05493164,1993.10375977,1943.23803711
2126.11206055,2091.58862305,2073.64672852,2007.39147949
2128.71923828,2097.59570313,2258.921875,2208.91772461
2131.01928711,2103.92456055,2371.42285156,2356.55322266
2129.81494141,2108.51245117,2290.28344727,2296.47485352
2130.38549805,2115.87768555,2161.50415039,2215.44482422
2139.12524414,2127.85620117,2138.01464844,2256.046875
2153.01782227,2139.96020508,2162.18115234,2261.8046875
2161.27270508,2145.6340332,2170.77636719,2166.94360352
2157.86083984,2140.79882813,2232.98193359,2164.38989258
2149.34912109,2129.00488281,2339.18334961,2280.79492188
2146.28027344,2121.44335938,2321.56958008,2258.58398438
2149.0324707,2123.99584961,2121.93945313,2032.34643555
2149.66821289,2128.53686523,1921.98608398,1886.11523438
2146.29199219,2126.7902832,1892.2824707,1992.2824707
2145.30078125,2124.05444336,1978.41027832,2183.35888672
2149.06542969,2126.82861328,2034.37084961,2300.22167969
2152.22363281,2128.88232422,2036.63562012,2395.65917969
2152.06494141,2124.19262695,2054.95288086,2471.54663086
2152.44604492,2119.9375,2099.29321289,2386.80566406
2154.22167969,2121.72167969,2120.69262695,2175.05029297
2151.22387695,2121.31787109,2118.95922852,2097.38330078
2141.52172852,2113.90112305,2143.90014648,2236.17578125
2135.13745117,2111.31933594,2222.14257813,2378.18579102
2141.71289063,2123.3840332,2339.82885742,2388.5012207
2155.22827148,2140.58837891,2438.2265625,2339.35498047
2161.81225586,2148.82324219,2423.07397461,2246.31005859
2159.44848633,2148.55664063,2275.69360352,2063.1394043
2157.22680664,2148.16259766,2104.21264648,1903.33764648
2158.20727539,2149.69726563,1980.45227051,1900.50561523
2158.55029297,2151.9152832,1864.1171875,1961.0378418
2161.12084961,2157.96459961,1789.08789063,1964.15576172
2172.12841797,2169.08618164,1887.57543945,1997.29467773
2185.58813477,2177.41601563,2118.33666992,2132.80273438
2189.34716797,2176.23950195,2244.85620117,2236.31445313
2185.11181641,2172.25512695,2174.02124023,2207.27075195
2184.52539063,2175.93847656,2067.35351563,2165.76513672
2188.44384766,2184.82983398,2084.56591797,2258.79077148
2188.53613281,2189.31640625,2204.03442383,2431.97070313
2185.34643555,2189.1875,2274.01928711,2468.7097168
2186.56103516,2190.38818359,2168.04101563,2262.07836914
2191.16333008,2191.57788086,1954.46936035,2016.02148438
2191.29614258,2188.37475586,1842.95373535,1991.76147461
2186.53149414,2185.3046875,1892.35131836,2108.61572266
2183.27368164,2189.69116211,1994.27087402,2161.7253418
2182.50048828,2197.31518555,2175.06103516,2278.26074219
2178.76611328,2196.40380859,2516.2824707,2590.14770508
2171.10693359,2185.46459961,2773.18701172,2720.91772461
2166.04980469,2176.57714844,2606.39086914,2338.70849609
2166.43481445,2176.85180664,2190.69946289,1880.94140625
2165.24414063,2177.01928711,2017.77111816,1913.66662598
2158.07983398,2168.91967773,2143.55297852,2193.07641602
2152.9284668,2162.23168945,2225.10498047,2199.80859375
2156.15112305,2166.16821289,2191.52734375,2081.13867188
2160.5378418,2170.03564453,2247.77807617,2196.60864258
2161.06274414,2165.44677734,2336.90966797,2309.20800781
2165.80810547,2167.15405273,2225.06982422,2089.23730469
2176.53442383,2184.64819336,2006.6965332,1830.07531738
2180.46264648,2198.86401367,1972.5135498,1901.67492676
2174.77563477,2194.22680664,2126.18774414,2121.98120117
2172.78125,2184.09204102,2307.78320313,2285.3840332
2176.59204102,2181.6262207,2574.87158203,2607.06396484
2173.91210938,2178.58056641,3002.16577148,3126.61694336
2165.81323242,2170.44360352,3334.30151367,3381.70629883
2165.53125,2169.03979492,3264.84228516,3081.92480469
2170.61254883,2177.61938477,2869.41625977,2495.2253418
2167.296875,2183.2109375,2442.56787109,1971.62023926
2157.38647461,2180.16943359,2119.84057617,1639.36499023
2153.27197266,2176.47338867,1919.58740234,1587.11657715
2154.47900391,2175.16821289,1917.33447266,1831.28649902
2151.96728516,2170.23144531,2104.45117188,2132.73046875
2146.97167969,2161.03564453,2244.18798828,2194.12011719
2148.06176758,2155.27441406,2120.48364258,1982.41101074
2156.16870117,2157.19116211,1859.90930176,1732.35620117
2164.32519531,2163.98120117,1805.38500977,1722.55847168
2168.92773438,2173.81225586,2058.02954102,2004.14367676
2173.76123047,2187.40185547,2330.60327148,2301.17602539
2181.19970703,2200.16333008,2355.68432617,2334.9921875
2184.50854492,2203.23193359,2228.14868164,2172.81298828
2177.125,2196.43066406,2153.76416016,2037.04736328
2166.03808594,2189.46484375,2138.00585938,2014.05444336
2162.91259766,2185.96777344,2208.68774414,2192.24487305
2166.79370117,2180.25878906,2577.23291016,2675.94677734
2170.83813477,2173.29418945,3192.76123047,3217.70874023
2176.02441406,2172.77905273,3536.48071289,3318.28173828
2181.40551758,2174.64648438,3263.97192383,2867.80297852
2176.38085938,2167.23095703,2677.83251953,2257.41357422
2159.40283203,2154.62133789,2276.94750977,1876.94702148
2146.26513672,2151.23730469,2223.0168457,1877.64892578
2147.12133789,2156.09960938,2402.66479492,2203.35449219
2154.62841797,2157.74072266,2619.9440918,2529.44287109
2161.55249023,2158.03442383,2650.25537109,2493.32763672
2169.14013672,2165.78369141,2401.92822266,2162.69750977
2174.11865234,2174.30810547,2021.81237793,1904.34472656
2167.83081055,2169.59423828,1719.7154541,1835.35546875
2153.41552734,2155.43481445,1624.87243652,1856.21716309
2146.94067383,2149.03320313,1805.78564453,2012.85461426
2153.5847168,2152.93164063,2174.94042969,2302.47900391
2157.04711914,2151.14355469,2429.67578125,2405.22314453
2145.12670898,2137.34960938,2367.95043945,2132.79541016
2130.88330078,2126.19067383,2162.35229492,1825.80627441
2129.13305664,2125.58813477,2075.79248047,1838.94824219
2130.01806641,2121.50292969,2101.94750977,2012.57507324
2122.06762695,2107.40917969,2140.10864258,2076.10083008
2118.67578125,2101.203125,2255.72631836,2122.85473633
2130.53027344,2111.62963867,2475.7109375,2275.08251953
2139.06518555,2119.57421875,2592.54785156,2344.62182617
2129.74536133,2114.71264648,2443.6550293,2190.7199707
2120.73803711,2115.44921875,2146.36499023,1987.24523926
2128.00561523,2131.14038086,1882.91748047,1895.13781738
2135.74438477,2141.54101563,1709.80603027,1869.94995117
2129.32617188,2133.57128906,1669.25598145,1897.8984375
2122.93237305,2122.37182617,1812.42541504,2040.34484863
2129.15283203,2119.18164063,2043.94543457,2216.94287109
2134.60302734,2113.65625,2160.77709961,2260.28735352
2128.26977539,2102.27929688,2086.49731445,2167.70410156
2122.54101563,2099.99145508,1940.31628418,2082.38793945
2127.11401367,2111.08837891,1875.83483887,2083.34570313
2132.64819336,2120.50219727,1931.68005371,2138.6875
2135.46655273,2123.0769043,2048.55419922,2201.59326172
2147.89355469,2131.75634766,2178.73657227,2248.89648438
2172.4675293,2152.04003906,2305.24560547,2255.82397461
2195.43896484,2176.00585938,2361.85449219,2194.72265625
2212.86132813,2201.875,2263.4855957,2065.60839844
2235.08789063,2234.15136719,2058.28588867,1921.13391113
2263.10571289,2267.45800781,1923.28857422,1856.62866211
2285.96118164,2291.53100586,1959.02294922,1939.46508789
2300.13037109,2306.56567383,2090.25268555,2118.90039063
2310.61743164,2318.37255859,2201.44702148,2262.51269531
2318.02783203,2327.34375,2276.87548828,2330.35400391
2320.31518555,2332.39746094,2347.87646484,2395.04858398
2320.77441406,2335.72070313,2365.4675293,2422.77050781
2324.50756836,2338.55444336,2267.79467773,2284.37915039
2332.18701172,2340.92236328,2184.41674805,2106.57275391
2339.32617188,2343.99414063,2338.35473633,2216.51342773
2338.52758789,2345.77905273,2659.20874023,2560.72436523
2327.67675781,2341.46313477,2805.1550293,2694.65258789
2316.03149414,2332.11621094,2674.65698242,2512.36108398
2311.46386719,2322.44970703,2500.72875977,2349.22045898
2306.59082031,2310.27563477,2366.69555664,2268.94604492
2292.77416992,2291.6862793,2132.11743164,2013.10559082
2277.05419922,2272.41723633,1874.9362793,1677.76367188
2266.83349609,2259.91162109,1835.41821289,1620.12060547
2254.45410156,2251.62963867,1938.01599121,1768.88549805
2236.49584961,2243.09985352,1941.40368652,1812.69616699
2226.65600586,2236.73535156,1931.07434082,1839.51391602
2231.05053711,2234.24780273,2090.71484375,2053.88476563
2235.39746094,2232.31103516,2239.828125,2248.47021484
2230.90698242,2229.22998047,2165.82836914,2215.66259766
2226.50073242,2225.53417969,2068.20166016,2174.54663086
2226.76049805,2220.87768555,2163.24511719,2271.61157227
2224.66821289,2217.64892578,2288.60351563,2292.86132813
2220.07348633,2219.18334961,2322.07910156,2225.41210938
2220.5065918,2221.50561523,2452.54980469,2346.40356445
2223.4284668,2218.44604492,2686.77197266,2548.45263672
2218.48291016,2212.18847656,2690.63208008,2417.44555664
2205.0378418,2206.33837891,2397.52294922,2043.92004395
2191.54931641,2197.17871094,2165.74829102,1898.66259766
2182.12646484,2184.18017578,2163.43237305,2003.64941406
2176.37060547,2177.16088867,2194.48168945,2061.36425781
2176.94311523,2181.8972168,2186.14477539,2132.5078125
2185.74975586,2190.78173828,2265.14794922,2382.98999023
2196.42285156,2195.30395508,2375.57861328,2551.73168945
2199.78710938,2195.61669922,2350.40649414,2391.29345703
2194.12207031,2192.97387695,2272.56518555,2174.46679688
2183.99902344,2185.33129883,2322.64086914,2190.65136719
2173.38574219,2175.51879883,2433.19018555,2274.68676758
2164.83056641,2172.23632813,2462.54003906,2259.23901367
2160.19140625,2177.09960938,2485.38305664,2297.40625
2159.07006836,2181.23144531,2591.4855957,2416.92724609
2160.90795898,2179.96582031,2645.97460938,2358.93237305
2166.30224609,2178.5324707,2525.74829102,2094.89233398
2171.48754883,2178.18408203,2353.07592773,1942.57373047
2169.75488281,2172.46289063,2281.03271484,2029.61083984
2163.49243164,2162.46191406,2276.46777344,2150.32080078
2162.22167969,2158.09667969,2264.14526367,2200.01660156
2165.7734375,2160.61865234,2267.24902344,2279.8112793
2166.04394531,2162.06054688,2288.15722656,2360.67114258
2164.68530273,2161.84130859,2223.9140625,2255.23388672
2168.95654297,2165.42675781,2016.68469238,1970.67333984
2173.99755859,2169.68432617,1812.33410645,1810.31481934
2170.39599609,2166.55200195,1845.17602539,2006.54284668
2162.76025391,2157.11157227,2111.03149414,2349.88891602
2161.04833984,2149.48852539,2292.75415039,2395.29125977
2161.83642578,2146.80395508,2179.76953125,2104.05249023
2155.23852539,2144.44482422,1973.51928711,1919.1595459
2142.64526367,2137.34326172,1929.35546875,2030.27050781
2134.71386719,2127.81933594,1988.28430176,2143.95092773
2137.35498047,2124.39770508,2069.7265625,2208.84741211
2147.29345703,2130.46411133,2309.59399414,2536.20458984
2156.88452148,2138.90112305,2647.34716797,2946.01708984
2158.65649414,2141.69262695,2681.39257813,2818.63989258
2149.02197266,2137.16577148,2306.7956543,2229.15722656
2131.81933594,2125.50854492,1962.39672852,1929.76867676
2116.52270508,2108.66723633,1940.20874023,2092.36523438
2110.95385742,2096.37182617,2022.9354248,2197.76782227
2116.87475586,2098.99023438,2036.39074707,2133.27954102
2130.27954102,2112.48339844,2138.40576172,2254.40576172
2141.64013672,2121.90917969,2339.41137695,2473.80297852
2141.20336914,2119.91918945,2339.40332031,2360.15698242
2131.22290039,2112.11865234,2060.02294922,1990.22521973
2125.80541992,2106.58520508,1820.95092773,1812.98522949
2132.14648438,2107.77832031,1831.24963379,1903.85925293
2142.18505859,2117.30078125,1977.32177734,2073.9230957
2147.06933594,2130.64941406,2204.65893555,2379.05102539
2147.00146484,2136.95898438,2612.54248047,2879.12182617
2145.43896484,2131.99145508,3065.97387695,3243.74462891
2145.98925781,2127.00537109,3200.21606445,3149.40136719
2152.1484375,2134.3515625,2933.25073242,2744.08886719
2161.33642578,2149.86206055,2550.16015625,2322.96533203
2167.21582031,2161.20629883,2235.16967773,1938.4831543
2170.79052734,2167.03710938,1951.1685791,1635.93029785
2176.44921875,2174.296875,1755.92773438,1602.81311035
2180.69555664,2183.14916992,1779.74377441,1817.1048584
2180.65966797,2189.61621094,1943.22302246,2013.08447266
2184.3046875,2197.546875,2097.93823242,2149.06567383
2195.05273438,2211.5144043,2297.74145508,2409.71166992
2199.46459961,2221.49511719,2570.56323242,2687.65649414
2187.375,2212.90258789,2670.68823242,2614.72167969
2170.61328125,2191.60839844,2414.0090332,2166.01025391
2165.8737793,2179.65087891,2004.80163574,1742.14111328
2171.35668945,2183.39428711,1755.4107666,1622.42810059
2175.26025391,2186.73461914,1732.52600098,1731.79992676
2177.22973633,2181.11694336,1843.27453613,1918.11071777
2185.00463867,2178.80932617,2019.90234375,2123.16821289
2194.91137695,2186.73730469,2207.3203125,2287.3918457
2193.40991211,2191.26074219,2319.07348633,2301.99658203
2179.41674805,2182.8034668,2278.44677734,2126.47583008
2168.51904297,2173.06054688,2132.19433594,1939.78759766
2169.7277832,2171.98168945,2096.19140625,2031.98547363
2173.83666992,2169.63745117,2283.50683594,2366.0715332
2172.12963867,2158.71679688,2430.71557617,2492.60327148
2170.01855469,2153.20849609,2260.65966797,2218.38134766
2172.29858398,2164.31396484,1983.39294434,1957.40710449
2171.76538086,2178.11499023,1937.02124023,2020.24194336
2164.67089844,2178.515625,2008.23999023,2151.56591797
2161.37695313,2173.1015625,1997.84729004,2195.4375
2168.61035156,2175.25952148,2116.00170898,2428.58740234
2177.01416016,2180.30810547,2472.65722656,2810.21337891
2178.50537109,2179.94921875,2649.06933594,2808.22363281
2177.94506836,2180.0246582,2399.56274414,2343.72631836
2176.46606445,2184.5546875,2122.06933594,1980.87512207
2165.38134766,2183.20751953,2112.8996582,1951.12780762
2147.5637207,2171.31054688,2115.30175781,1939.8458252
2139.42431641,2160.30786133,2016.3951416,1911.04174805
2142.45898438,2156.03491211,2119.65039063,2136.22753906
2141.17333984,2150.47436523,2376.18041992,2410.34472656
2134.59423828,2142.84448242,2271.83276367,2250.56030273
2137.65063477,2143.34814453,1774.27111816,1823.12084961
2149.22924805,2151.83251953,1473.99865723,1730.26293945
2153.28540039,2157.0625,1596.81860352,2027.85058594
2150.5559082,2156.75610352,1791.89501953,2329.65478516
2154.87402344,2156.61254883,1944.92932129,2587.75610352
2162.47802734,2154.62402344,2245.46289063,2900.74731445
2157.86572266,2145.65429688,2489.6796875,2948.54785156
2144.31176758,2134.59008789,2269.53857422,2478.59423828
2139.80273438,2129.87817383,1766.40270996,1919.27368164
2148.08911133,2130.73413086,1515.64794922,1765.68835449
2155.76538086,2130.33837891,1576.7557373,1872.90307617
2153.13598633,2125.7902832,1655.99743652,1953.07470703
2142.41308594,2119.37890625,1726.93322754,2109.51000977
2129.45703125,2114.28979492,1880.07299805,2356.02075195
2118.80371094,2112.26367188,1939.90588379,2349.82592773
2114.55200195,2112.78076172,1784.77441406,2049.94140625
2117.87670898,2112.4230957,1649.26123047,1890.85510254
2124.09375,2107.79223633,1710.39819336,2006.1138916
2126.90576172,2101.04882813,1830.79553223,2082.7277832
2124.28808594,2098.03515625,1966.47180176,2132.91210938
2118.34838867,2099.20800781,2263.54272461,2481.52368164
2113.70849609,2100.20678711,2561.45654297,2886.12670898
2116.29467773,2102.05029297,2444.05712891,2696.6237793
2126.60839844,2109.14453125,1955.27941895,2011.56835938
2135.4621582,2117.82006836,1623.2376709,1639.08203125
2135.15087891,2121.04150391,1669.95507813,1821.51391602
2131.51977539,2122.48144531,1837.34118652,2049.59326172
2135.08862305,2130.78808594,2009.31835938,2156.79223633
2144.56811523,2142.01196289,2317.74194336,2472.25537109
2149.21313477,2142.04101563,2624.63769531,2862.80078125
2144.51977539,2127.28637695,2573.38427734,2749.98120117
2136.97143555,2111.96777344,2192.51855469,2148.87158203
2132.67358398,2109.234375,1892.15368652,1711.29174805
2128.3918457,2112.85449219,1856.4822998,1718.01538086
2120.44360352,2110.16772461,1888.85974121,1832.54516602
2116.28442383,2106.42651367,1835.43103027,1806.60681152
2123.40649414,2114.32299805,1817.42932129,1803.44311523
2132.87084961,2125.6496582,2029.28149414,2032.81213379
2133.27734375,2123.39526367,2451.23608398,2389.67211914
2131.92797852,2114.73193359,2786.27148438,2508.19702148
2138.75854492,2117.35107422,2770.95043945,2228.97094727
2143.42749023,2123.81469727,2543.21044922,1913.79211426
2134.03515625,2116.61572266,2425.49633789,1932.61450195
2120.83056641,2104.92822266,2395.68212891,2048.234375
2117.83251953,2109.86694336,2235.02368164,1899.21276855
2121.23803711,2127.75610352,2072.00830078,1716.7734375
2123.83544922,2139.77172852,2164.64794922,1843.04492188
2128.93823242,2143.3059082,2347.49780273,2073.81225586
2138.43530273,2148.09594727,2369.79394531,2193.52392578
2146.89575195,2154.74584961,2460.9206543,2471.63769531
2151.8918457,2156.97070313,2856.93017578,2987.53393555
2154.98339844,2155.66552734,3176.71704102,3228.01757813
2155.81347656,2157.57568359,2959.22070313,2876.73779297
2155.79663086,2165.12207031,2397.56347656,2305.38696289
2159.14990234,2174.02978516,1967.2791748,1975.41577148
2164.30419922,2178.48095703,1777.20458984,1951.71240234
2165.17651367,2176.49316406,1739.20336914,2108.30834961
2162.0390625,2170.52905273,1896.21142578,2313.63549805
2158.76391602,2161.98461914,2182.0246582,2398.578125
2152.10498047,2147.93969727,2285.49609375,2264.97485352
2137.36645508,2128.65771484,2088.78955078,2012.38647461
2120.05493164,2113.56274414,1895.04040527,1849.71008301
2108.67871094,2109.90771484,1976.04492188,1912.11584473
2102.38183594,2110.95629883,2219.05639648,2136.85449219
2097.74951172,2107.75,2436.65185547,2339.68408203
2098.88647461,2104.625,2683.00097656,2478.51049805
2109.01245117,2108.65917969,2988.29394531,2654.52832031
2121.43408203,2114.90771484,3098.47338867,2766.82910156
2127.6809082,2117.45263672,2830.47436523,2561.00878906
2125.67260742,2121.125,2441.43383789,2141.79272461
2117.22070313,2128.28466797,2272.66503906,1906.60461426
2107.52490234,2130.61962891,2246.29467773,1897.97497559
2104.71435547,2125.30444336,2125.62133789,1866.75134277
2110.40087891,2121.17138672,2038.73034668,1918.36022949
2116.6796875,2121.5546875,2218.71801758,2287.34057617
2117.69604492,2119.58129883,2427.55419922,2624.17675781
2114.03369141,2113.7109375,2267.37207031,2434.69824219
2105.54248047,2110.04223633,1905.50292969,2000.74499512
2094.05126953,2109.74438477,1813.1517334,1923.0814209
2090.6159668,2110.77832031,1969.1138916,2119.23461914
2104.44775391,2117.74438477,2044.32409668,2200.13647461
2126.96899414,2133.25292969,2114.70825195,2300.43139648
2139.93286133,2145.83227539,2405.97412109,2611.45043945
2137.38305664,2143.87011719,2646.68945313,2737.18041992
2128.97973633,2134.58422852,2472.56518555,2377.77954102
2122.98217773,2131.69165039,2113.85791016,1950.76818848
2118.34033203,2133.89355469,1970.93847656,1844.12756348
2117.08544922,2135.16870117,1978.88244629,1859.81152344
2128.99536133,2143.31884766,1993.21240234,1891.66101074
2152.44458008,2163.80444336,2180.26171875,2197.86865234
2166.65649414,2178.92041016,2496.11816406,2629.66015625
2159.25146484,2170.2644043,2503.13500977,2625.53637695
2144.71801758,2148.32006836,2142.20092773,2225.10400391
2138.72216797,2133.85864258,1919.48278809,2055.20629883
2135.02490234,2126.4777832,2038.08813477,2237.33251953
2126.47241211,2117.23999023,2164.76977539,2356.70507813
2124.91186523,2113.76318359,2206.27612305,2418.74121094
2138.60205078,2125.50366211,2440.12963867,2739.19824219
2152.16186523,2140.20825195,2780.06054688,3043.03955078
2150.31884766,2140.25585938,2763.31811523,2766.66821289
2141.40600586,2129.26977539,2355.859375,2112.91040039
2138.36865234,2121.92529297,2040.54199219,1813.44311523
2136.49291992,2120.18383789,2053.95458984,1999.04943848
2127.93066406,2117.00805664,2153.74951172,2191.16894531
2119.39086914,2111.83203125,2191.84716797,2241.66210938
2119.05078125,2108.65356445,2379.75854492,2451.5534668
2122.79345703,2108.6940918,2824.75878906,2839.54638672
2125.36474609,2112.19238281,3177.30517578,2990.13891602
2128.3918457,2117.45361328,3010.48608398,2671.52514648
2130.29223633,2117.38208008,2400.80126953,2152.74194336
2125.4465332,2108.08349609,1851.66760254,1828.3548584
2115.71899414,2096.71923828,1651.48266602,1764.79394531
2107.08666992,2090.58618164,1620.13598633,1741.35571289
2099.23461914,2088.18652344,1589.47399902,1690.82519531
2092.69384766,2089.59350586,1733.21337891,1851.97729492
2094.67407227,2099.50341797,2128.69189453,2275.95361328
2104.51538086,2111.81665039,2397.0546875,2521.44360352
2109.74658203,2111.11914063,2237.85302734,2290.55517578
2106.49707031,2096.9543457,1961.79138184,1970.32226563
2103.73046875,2086.39672852,1968.45666504,1969.8314209
2103.17700195,2088.34545898,2083.97265625,2034.74182129
2098.72338867,2094.73388672,1994.86181641,1865.40063477
2093.8840332,2097.55712891,1894.6204834,1778.7800293
2095.90820313,2097.53198242,2069.86328125,2062.84375
2101.24902344,2098.71679688,2297.79663086,2348.40478516
2106.89428711,2105.58789063,2262.37158203,2277.33837891
2118.48828125,2118.46582031,2117.26538086,2117.7421875
2133.09350586,2128.58422852,2119.32202148,2164.51708984
2138.96191406,2128.66064453,2178.54638672,2225.10546875
2138.29272461,2123.86108398,2184.48535156,2156.18432617
2141.32470703,2120.38134766,2275.46557617,2197.83325195
2143.08837891,2116.63012695,2462.05224609,2394.10742188
2136.39257813,2116.55541992,2488.3034668,2394.75708008
2132.18896484,2129.22705078,2286.77124023,2123.3659668
2138.79125977,2146.45385742,2078.64746094,1930.87695313
2144.54174805,2149.45654297,1936.55541992,1926.85595703
2143.16015625,2142.00830078,1762.47070313,1899.15905762
2146.65649414,2144.48779297,1665.70617676,1905.50476074
2157.92504883,2156.53759766,1815.56628418,2152.22290039
2162.08544922,2160.01879883,2035.21228027,2405.60717773
2154.08447266,2153.02124023,2074.47290039,2326.1640625
2146.12402344,2147.70556641,2065.56958008,2135.10571289
2144.45947266,2143.828125,2203.08666992,2185.47460938
2143.43945313,2135.01928711,2312.34472656,2283.44238281
2142.61157227,2130.27416992,2226.72338867,2160.7578125
2149.02075195,2140.90014648,2170.26318359,2074.34716797
2161.53686523,2155.84936523,2310.16552734,2247.0324707
2168.73803711,2155.5949707,2397.44238281,2331.84912109
2165.58569336,2143.39794922,2246.1027832,2063.97509766
2160.90405273,2139.72875977,2085.02148438,1801.86987305
2163.29418945,2149.9675293,2114.11230469,1872.55163574
2168.36645508,2159.44091797,2186.45898438,2026.15856934
2167.65649414,2159.93701172,2175.0949707,2003.15527344
2163.6887207,2160.23657227,2208.21289063,2007.99902344
2165.10961914,2165.95825195,2349.53710938,2214.99511719
2170.03295898,2168.22607422,2427.1328125,2376.2434082
2168.3762207,2161.95947266,2330.35229492,2273.52905273
2161.81787109,2158.85791016,2191.26245117,2109.44873047
2164.85620117,2168.65014648,2161.58813477,2165.07739258
2180.38818359,2181.20385742,2197.70483398,2365.6262207
2191.65307617,2182.43579102,2155.89672852,2416.1796875
2186.9050293,2175.43334961,2011.18737793,2245.32739258
2174.69946289,2170.6796875,1891.08312988,2096.17578125
2165.94287109,2167.71728516,1893.99511719,2134.23168945
2158.54516602,2160.44116211,1985.92810059,2229.6940918
2149.32495117,2149.97802734,2132.79418945,2300.69702148
2145.43969727,2143.06567383,2371.41625977,2503.02978516
2153.23706055,2144.96386719,2644.8059082,2819.50244141
2164.81469727,2154.29150391,2766.77294922,2922.34716797
2165.85864258,2160.69165039,2664.31884766,2691.19506836
2155.73242188,2157.09985352,2446.52880859,2362.62426758
2150.43969727,2154.00415039,2184.81616211,2073.61547852
2159.41918945,2162.7355957,1877.80712891,1803.90209961
2169.65356445,2171.36743164,1632.40185547,1678.65869141
2166.05419922,2164.45141602,1610.00390625,1807.94067383
2155.70654297,2153.52636719,1818.20471191,2064.11962891
2152.88012695,2155.24755859,2161.24780273,2365.35620117
2153.1394043,2158.07104492,2586.59790039,2763.81201172
2144.39257813,2145.21582031,2990.83520508,3079.83374023
2130.72558594,2127.94824219,3136.06567383,2980.17480469
2124.17675781,2123.84472656,2875.7434082,2495.45092773
2124.00292969,2126.14257813,2372.04614258,1999.65356445
2120.92675781,2121.39086914,1928.32226563,1721.25268555
2114.15942383,2114.87915039,1676.46826172,1620.00305176
2112.68286133,2118.48925781,1569.60119629,1635.27624512
2121.5234375,2130.5612793,1604.34362793,1789.37878418
2132.81079102,2140.05175781,1837.44238281,2064.59106445
2135.85864258,2140.6394043,2182.70288086,2308.13305664
2134.03857422,2135.86474609,2418.57373047,2362.94677734
2138.05786133,2132.93579102,2455.88378906,2289.00195313
2142.2043457,2131.515625,2404.40551758,2267.38427734
2130.00366211,2125.03076172,2346.00976563,2275.18701172
2107.21313477,2117.11132813,2265.71044922,2156.5324707
2100.19335938,2121.33544922,2227.97900391,2009.26904297
2115.07275391,2136.6953125,2363.86254883,2096.57836914
2129.79736328,2144.78588867,2621.52929688,2363.1394043
2132.25878906,2139.93945313,2751.01928711,2461.94189453
2133.18945313,2136.24267578,2610.63574219,2284.70678711
2137.42602539,2138.96240234,2321.63037109,2073.78637695
2136.3918457,2138.87353516,2080.76928711,2000.93103027
2132.17333984,2136.75219727,1989.77893066,2015.76025391
2137.44213867,2142.10522461,2087.30493164,2100.43188477
2149.70727539,2150.08325195,2336.80249023,2279.71118164
2152.8894043,2149.11279297,2551.60668945,2408.44799805
2144.16210938,2143.66162109,2558.76708984,2342.06201172
2136.86083984,2144.41723633,2436.0324707,2214.54394531
2138.84106445,2149.03320313,2349.49145508,2181.18896484
2144.96606445,2151.37158203,2266.0222168,2145.9128418
2147.82592773,2152.54003906,2119.9230957,2076.33911133
2144.82275391,2151.74951172,2053.08129883,2148.49072266
2138.85595703,2146.14550781,2166.58154297,2324.24731445
2137.32373047,2142.75366211,2325.62548828,2374.98632813
2144.77905273,2149.72827148,2473.02636719,2403.12426758
2155.22509766,2159.4909668,2726.78491211,2617.90405273
2158.6262207,2160.2121582,2984.42260742,2738.72875977
2153.98925781,2154.53662109,2934.89086914,2427.94970703
2147.84082031,2149.52856445,2575.24682617,1976.29589844
2142.68237305,2142.51074219,2232.74658203,1807.07495117
2137.32202148,2132.72314453,2100.77124023,1835.64880371
2134.74609375,2129.4128418,2167.89599609,1910.99609375
2137.08496094,2133.91088867,2406.91772461,2157.83056641
2137.24072266,2132.75854492,2665.12695313,2451.57617188
2128.8425293,2120.51782227,2665.50073242,2385.37939453
2118.49365234,2109.09228516,2393.74316406,2004.72473145
2115.1237793,2105.84521484,2143.93969727,1766.06396484
2115.42089844,2104.30761719,2067.8762207,1774.42077637
2112.37744141,2102.74121094,2087.80053711,1838.74475098
2108.98461914,2109.52148438,2219.99414063,2029.63708496
2111.96166992,2124.64013672,2493.2890625,2408.85180664
2120.17553711,2135.8046875,2651.21337891,2598.40112305
2127.72363281,2137.23583984,2441.67895508,2332.6262207
2131.2878418,2135.88720703,2052.34008789,1969.53540039
2129.76342773,2136.68041992,1811.44287109,1886.76391602
2124.02246094,2136.52001953,1706.97241211,1949.36645508
2119.78735352,2135.11669922,1614.28601074,2007.90588379
2123.24682617,2137.23706055,1653.36437988,2229.00195313
2131.71972656,2140.67602539,1900.53759766,2567.17626953
2135.99169922,2136.05371094,2100.14233398,2623.31738281
2133.17626953,2123.32373047,2030.16723633,2309.38427734
2129.24267578,2115.1262207,1826.30810547,1999.39624023
2128.33691406,2119.14941406,1706.29724121,1906.26428223
2129.00756836,2129.70678711,1720.7364502,1936.67590332
2131.15039063,2139.25854492,1902.9630127,2107.51782227
2136.37915039,2145.38085938,2292.55102539,2465.68505859
2141.21704102,2145.3996582,2723.30761719,2743.57788086
2139.81811523,2137.2565918,2896.28417969,2673.61206055
2134.11499023,2127.30932617,2703.89941406,2411.14331055
2132.70727539,2126.1784668,2299.30444336,2213.04125977
2137.80297852,2133.87744141,1907.8515625,2075.91723633
2140.30419922,2137.43481445,1688.06750488,1991.53356934
2132.546875,2127.81494141,1675.52844238,2069.92211914
2120.44458008,2111.65917969,1797.97668457,2242.32519531
2114.46069336,2098.94824219,1996.85241699,2342.31835938
2112.98950195,2088.35595703,2272.89550781,2454.59814453
2107.42358398,2076.7434082,2570.62011719,2702.30517578
2099.52392578,2071.27832031,2758.0456543,2885.96875
2097.39453125,2075.94067383,2764.09033203,2764.85180664
2098.38793945,2079.7277832,2609.86962891,2423.89038086
2093.94140625,2075.11157227,2323.13500977,2064.02197266
2086.60717773,2071.97070313,1955.54077148,1748.94445801
2085.23535156,2078.40844727,1653.28063965,1546.02099609
2089.43115234,2086.70361328,1580.48791504,1597.87609863
2093.32299805,2090.29907227,1733.50012207,1887.13818359
2097.06323242,2095.17578125,1901.37744141,2153.39599609
2103.00683594,2105.21630859,1921.40429688,2215.90795898
2108.1887207,2113.38842773,1926.18603516,2239.84741211
2108.83520508,2113.79077148,2118.84594727,2437.14526367
2106.68652344,2110.16992188,2365.67285156,2615.83959961
2107.00488281,2109.12109375,2380.12744141,2456.30834961
2113.28393555,2112.40820313,2239.15014648,2145.03393555
2123.31689453,2117.70581055,2232.53564453,2116.28491211
2129.71826172,2122.90087891,2319.01391602,2285.33447266
2127.99560547,2127.80737305,2300.18017578,2297.15576172
2122.94360352,2132.63378906,2328.80224609,2290.96801758
2121.95825195,2136.76611328,2596.46362305,2526.07788086
2125.36767578,2139.68725586,2789.89916992,2632.45800781
2129.27661133,2141.62255859,2550.63378906,2216.39160156
2132.4855957,2142.80151367,2161.36376953,1728.78479004
2133.77612305,2142.87670898,2098.61499023,1761.5222168
2129.73510742,2141.49121094,2272.47412109,2067.84887695
2123.30566406,2140.0480957,2357.68334961,2176.64355469
2124.83447266,2141.22680664,2439.64794922,2256.92114258
2134.73999023,2143.30200195,2674.85668945,2518.05712891
2137.52368164,2138.68920898,2777.28808594,2562.79199219
2125.04833984,2124.67041016,2505.94946289,2160.07885742
2110.38818359,2109.6003418,2204.53540039,1836.16333008
2105.44506836,2100.81176758,2242.29638672,1978.89147949
2104.30859375,2096.03686523,2407.69995117,2210.37011719
2101.70678711,2093.74682617,2418.39794922,2226.11450195
2103.26293945,2096.82006836,2477.5456543,2315.10791016
2105.31713867,2099.57861328,2761.91748047,2559.22607422
2093.59863281,2090.99829102,2928.81323242,2512.93066406
2072.50268555,2076.19628906,2685.96533203,2095.32470703
2064.66992188,2072.31616211,2317.43066406,1829.57385254
2074.3671875,2080.15527344,2166.44506836,1917.93835449
2082.6550293,2084.05908203,2124.83544922,2013.63720703
2081.30249023,2079.8347168,2033.59448242,2013.13293457
2080.57568359,2077.50048828,2042.71484375,2149.61962891
2084.96435547,2079.21728516,2212.78491211,2326.84765625
2089.89648438,2079.46484375,2289.93334961,2237.41699219
2097.77392578,2082.09423828,2180.54077148,2013.71960449
2111.72802734,2093.73266602,2141.89697266,1992.35900879
2120.21850586,2105.94799805,2286.83178711,2093.70581055
2110.49316406,2104.46826172,2409.52539063,2103.24975586
2090.86157227,2091.01464844,2425.45288086,2164.90039063
2080.18164063,2079.68188477,2457.34912109,2380.93334961
2081.36450195,2076.29589844,2447.84228516,2424.10400391
2083.33398438,2075.20751953,2224.64428711,2114.38842773
2083.51293945,2073.69848633,1916.98217773,1829.91882324
2088.50756836,2076.12451172,1805.10864258,1869.05834961
2095.71435547,2082.86865234,1869.46911621,2004.44445801
2095.87329102,2088.13110352,1921.76782227,2042.10839844
2093.14794922,2091.94360352,1983.24975586,2171.57519531
2099.92871094,2100.72070313,2147.12158203,2437.67822266
2111.59057617,2112.17944336,2278.22094727,2490.55029297
2111.13305664,2115.81494141,2184.86816406,2176.22460938
2100.12353516,2112.02563477,1957.43591309,1885.88256836
2099.08813477,2112.85620117,1886.73754883,2010.5279541
2114.17602539,2121.24780273,2061.99291992,2353.44726563
2128.23706055,2127.9675293,2228.47558594,2413.22558594
2129.06567383,2129.26660156,2153.29638672,2126.64868164
2124.40087891,2129.95947266,1964.57714844,1910.74511719
2123.97827148,2131.56567383,1890.31286621,1935.86657715
2125.32739258,2132.73168945,1881.70996094,1940.53808594
2124.21826172,2136.16455078,1865.11108398,1931.41247559
2125.28515625,2142.95117188,2065.07202148,2294.8671875
2133.17602539,2147.19775391,2577.25854492,2923.09375
2141.18823242,2144.60253906,2961.14428711,3105.8046875
2138.61621094,2138.1640625,2812.37548828,2637.04711914
2126.54199219,2131.99755859,2388.15869141,2140.75415039
2117.16796875,2128.62792969,2146.3425293,2004.23999023
2117.16552734,2131.22167969,2066.58129883,1906.88977051
2120.09472656,2138.64746094,1938.36938477,1674.03540039
2118.22387695,2142.85693359,1900.47802734,1668.00756836
2114.4597168,2140.14013672,2137.4934082,1994.02844238
2116.33886719,2137.05297852,2380.54394531,2152.98974609
2122.42456055,2137.7043457,2276.08569336,1879.7364502
2123.4206543,2136.47851563,1997.21728516,1611.78979492
2117.09228516,2130.25756836,1935.31030273,1718.20263672
2112.63037109,2125.22509766,2030.79541016,1942.77197266
2116.00219727,2125.36279297,2016.89086914,2054.7800293
2120.15771484,2125.90454102,2056.67749023,2334.68676758
2116.58740234,2122.63134766,2417.2109375,2867.94287109
2108.11303711,2117.58984375,2778.52587891,3082.43481445
2101.81982422,2112.71142578,2660.38598633,2628.40771484
2096.74731445,2105.95336914,2249.11621094,2032.55285645
2088.37744141,2096.61279297,2005.10070801,1838.03295898
2080.32739258,2089.14086914,1853.16052246,1806.66333008
2080.93652344,2088.11230469,1585.22363281,1626.12487793
2089.42675781,2091.54589844,1524.17224121,1627.43322754
2095.77441406,2093.4765625,1914.84716797,2047.74951172
2096.08740234,2092.59863281,2270.84350586,2351.38916016
2097.43994141,2092.06665039,2160.43212891,2097.56542969
2103.3815918,2090.51464844,1954.40490723,1747.63818359
2106.81274414,2083.03271484,2078.79077148,1830.76147461
2103.81860352,2072.80541992,2325.63330078,2084.81420898
2101.54443359,2069.68481445,2499.36376953,2163.40844727
2104.72045898,2074.83569336,2843.19018555,2341.33154297
2107.51708984,2079.88647461,3314.27270508,2779.92016602
2105.41552734,2082.18359375,3353.79711914,2950.23950195
2102.34643555,2086.37915039,2804.61083984,2498.4128418
2101.73999023,2091.58251953,2226.57592773,1908.50866699
2102.28417969,2092.4465332,2016.26037598,1720.20336914
2103.87890625,2091.66137695,1983.50012207,1818.69775391
2107.70532227,2096.55078125,1975.6192627,1951.62109375
2111.64428711,2104.88037109,2155.24047852,2191.58886719
2113.04052734,2107.10693359,2460.54931641,2468.13452148
2113.01464844,2101.67163086,2494.95507813,2389.71655273
2113.85717773,2097.1484375,2195.28466797,1937.27148438
2115.72973633,2098.49682617,1994.15209961,1649.23120117
2116.95117188,2099.91333008,2106.390625,1812.7935791
2114.96435547,2095.25341797,2268.96679688,2154.11303711
2109.25146484,2089.05151367,2360.86401367,2490.01733398
2104.02807617,2089.13891602,2591.80834961,2899.7277832
2103.37084961,2092.76293945,2894.76025391,3155.33422852
2105.49267578,2092.32543945,2861.61914063,2857.21191406
2107.43652344,2091.55639648,2466.89916992,2222.82397461
2110.1706543,2099.53417969,2150.1484375,1889.46374512
2114.00366211,2112.23681641,2080.70483398,1946.21191406
2117.77832031,2120.05883789,2051.47167969,2010.30981445
2125.03076172,2127.65600586,2085.98779297,2093.60913086
2138.3125,2142.47924805,2370.60864258,2436.70678711
2148.68408203,2152.78149414,2646.5144043,2715.26928711
2146.53320313,2144.37792969,2484.45825195,2448.99633789
2137.59716797,2127.92041016,2074.70483398,1957.35986328
2132.11108398,2121.97851563,1957.90637207,1893.15161133
2128.55493164,2123.55761719,2153.09326172,2156.6706543
2123.62670898,2121.17578125,2322.40429688,2263.51538086
2122.90771484,2118.63232422,2494.37060547,2321.84643555
2127.45458984,2121.75585938,2826.39453125,2624.93847656
2128.01000977,2122.13208008,3023.08325195,2814.1328125
2123.57910156,2114.96801758,2779.15307617,2462.34423828
2125.24829102,2111.84448242,2407.50195313,1949.24902344
2133.26757813,2118.32763672,2335.57519531,1852.19384766
2132.50048828,2120.15161133,2418.30615234,2028.56469727
2118.43676758,2106.89575195,2347.14892578,2082.98779297
2106.40039063,2090.35644531,2272.90649414,2162.7578125
2107.43896484,2086.18969727,2478.40454102,2558.74584961
2114.82275391,2093.58813477,2819.53613281,3002.65039063
2121.10009766,2104.33251953,2940.71948242,3023.26782227
2128.87133789,2116.90722656,2774.77026367,2676.23168945
2137.58203125,2130.33325195,2501.27001953,2378.67749023
2138.50512695,2137.15478516,2205.97045898,2237.9831543
2130.59838867,2134.43701172,1862.34057617,2032.86791992
2125.58276367,2131.83691406,1556.64978027,1760.0769043
2130.96044922,2138.14550781,1469.17138672,1712.38537598
2140.18676758,2147.82006836,1595.33154297,1946.4732666
2143.49023438,2150.24365234,1695.73876953,2125.05737305
2139.54052734,2145.140625,1632.21313477,2082.59936523
2133.82714844,2139.10839844,1557.27453613,2102.3815918
2130.25366211,2133.12670898,1613.06323242,2333.62426758
2127.3359375,2124.79833984,1672.26550293,2431.81469727
2123.5690918,2118.31103516,1599.41552734,2191.62182617
2123.19824219,2119.52075195,1519.30297852,1984.52368164
2130.75805664,2125.03710938,1579.98376465,2095.17456055
2142.57128906,2129.19799805,1719.47070313,2250.03857422
2150.82470703,2135.43017578,1880.03869629,2259.20166016
2152.80175781,2146.02172852,2126.89868164,2373.90795898
2150.23730469,2150.93701172,2371.09033203,2586.26245117
2144.80957031,2143.8347168,2351.75170898,2440.57739258
2139.11743164,2136.28491211,2060.64135742,1919.2298584
2137.0949707,2139.62915039,1804.13122559,1607.52099609
2141.0144043,2148.64941406,1734.57275391,1710.13916016
2150.93041992,2156.61132813,1723.66223145,1838.3371582
2164.35595703,2166.27954102,1748.80822754,1889.82629395
2173.36499023,2174.7434082,1933.24194336,2135.57373047
2168.66772461,2169.62548828,2152.58032227,2407.99926758
2151.64453125,2150.17358398,2108.42211914,2249.7199707
2135.11865234,2131.99902344,1852.31640625,1844.2623291
2127.34960938,2125.06884766,1733.65368652,1786.41479492
2124.51977539,2124.67041016,1816.10461426,2059.81420898
2124.1965332,2125.7746582,1877.25842285,2222.56347656
2132.88818359,2129.91943359,1927.2331543,2318.05688477
2150.76489258,2136.83666992,2127.53125,2597.33520508
2162.75976563,2141.65112305,2287.51855469,2745.77270508
2157.76489258,2141.31665039,2077.07495117,2394.20532227
2144.70605469,2137.36425781,1635.5423584,1916.34301758
2137.04443359,2133.36230469,1376.75842285,1811.65148926
2133.81030273,2132.38037109,1363.92163086,1904.37475586
2129.63793945,2135.08911133,1422.76879883,1923.29736328
2131.30688477,2140.20678711,1587.40588379,2086.7175293
2147.19116211,2147.23974609,1881.44372559,2423.46508789
2167.97143555,2155.27563477,2005.85546875,2423.50708008
2176.00537109,2159.78735352,1785.29431152,1974.33972168
2170.7097168,2156.99707031,1547.57775879,1694.88842773
2166.73583984,2150.11889648,1603.28833008,1877.61804199
2168.68847656,2144.87231445,1802.17651367,2096.18603516
2167.98071289,2142.21289063,1967.20837402,2154.07788086
2164.50366211,2141.24121094,2203.60717773,2348.94067383
2167.94799805,2143.43286133,2468.20922852,2614.29638672
2175.85180664,2148.53833008,2449.9543457,2484.17578125
2175.06079102,2152.94824219,2129.17285156,2009.73876953
2166.67358398,2155.94897461,1880.61083984,1738.3972168
2164.31030273,2160.1628418,1898.22314453,1821.44116211
2168.30053711,2163.89624023,2018.23217773,1946.30859375
2167.58813477,2161.91137695,2101.11035156,1970.21362305
2163.50537109,2154.92407227,2185.92602539,2011.40881348
2165.29199219,2148.6809082,2325.51904297,2138.25708008
2168.20874023,2143.16577148,2474.49755859,2283.33984375
2160.93286133,2133.41357422,2487.79638672,2282.25292969
2146.8984375,2121.40722656,2290.60083008,2047.2532959
2137.58544922,2115.59814453,2074.68432617,1803.6796875
2133.95800781,2117.12133789,2052.3269043,1814.95166016
2130.734375,2117.63012695,2105.94116211,1951.71044922
2129.69897461,2113.38330078,2101.35107422,2040.25073242
2135.91699219,2110.75830078,2256.26904297,2276.11987305
2146.14477539,2113.50512695,2661.25048828,2692.52075195
2149.81689453,2115.12792969,2888.56835938,2826.05419922
2142.13720703,2111.2956543,2636.84643555,2484.50317383
2131.63916016,2109.62548828,2231.36865234,2108.03759766
2128.86694336,2116.15161133,2038.38574219,1984.72058105
2131.24633789,2122.46020508,1976.20532227,1923.90209961
2130.95629883,2120.83496094,1914.95019531,1860.37231445
2131.71020508,2120.0144043,1972.54943848,1968.00952148
2139.40307617,2127.77685547,2202.19970703,2188.70605469
2145.40869141,2133.16992188,2432.40087891,2306.86987305
2141.88720703,2127.05322266,2513.30761719,2327.34716797
2140.43115234,2121.38500977,2463.87353516,2345.02172852
2151.07788086,2125.78833008,2390.63696289,2319.94726563
2159.90527344,2127.46411133,2366.19873047,2223.19140625
2151.28881836,2116.35839844,2342.7097168,2119.70068359
2132.94946289,2105.08325195,2235.58740234,2052.58642578
2118.82373047,2103.91723633,2124.19335938,2060.28027344
2109.07446289,2103.26123047,2170.26196289,2174.10913086
2103.3737793,2098.29443359,2311.71142578,2262.34765625
2110.34228516,2102.52661133,2335.6418457,2167.24560547
2129.55517578,2120.81445313,2265.54931641,2043.43493652
2145.54443359,2136.05419922,2298.07128906,2127.77075195
2150.13574219,2137.07348633,2362.56982422,2238.02905273
2152.38989258,2135.23339844,2208.45898438,2088.23339844
2159.82373047,2140.61694336,1927.61376953,1923.75
2165.77050781,2143.79199219,1862.65930176,2112.02636719
2161.00195313,2134.33276367,2010.32312012,2400.41113281
2146.81420898,2119.69482422,2093.42578125,2412.35791016
2132.3137207,2112.74414063,2162.64624023,2437.29492188
2124.96679688,2113.88525391,2470.29711914,2815.94580078
2126.375,2117.12744141,2828.86181641,3100.23876953
2133.59619141,2122.7277832,2794.33496094,2768.13964844
2141.26391602,2132.26269531,2403.99536133,2171.38208008
2143.50854492,2140.03930664,2074.24755859,1905.32861328
2138.3671875,2140.58227539,1910.25170898,1879.20654297
2131.65332031,2138.21191406,1743.26208496,1767.01403809
2131.97875977,2140.56860352,1645.89831543,1708.97045898
2140.37939453,2148.33813477,1798.6730957,1904.67529297
2148.89160156,2156.35717773,2048.68212891,2130.66845703
2149.36010742,2158.54663086,2112.16992188,2161.24633789
2140.48461914,2150.98681641,2006.43371582,2120.99047852
2128.81494141,2137.57543945,1935.25537109,2151.51733398
2124.61767578,2129.28491211,1995.26477051,2235.01611328
2131.54394531,2130.26098633,2170.19384766,2375.27246094
2140.57104492,2132.18017578,2343.54150391,2491.23852539
2141.26831055,2128.80175781,2325.63549805,2351.48901367
2135.92749023,2124.45410156,2129.03515625,2011.71777344
2133.35229492,2122.44995117,2022.92248535,1874.96887207
2134.00805664,2118.63623047,2110.92456055,2040.36645508
2132.85644531,2111.81152344,2227.26733398,2214.67553711
2131.93652344,2108.60839844,2365.94604492,2362.22729492
2137.40527344,2113.26513672,2671.5078125,2656.2590332
2146.52075195,2120.63989258,2948.81323242,2850.31591797
2150.20068359,2123.57275391,2828.72045898,2569.60864258
2149.03369141,2123.0090332,2447.94555664,2070.89160156
2153.14111328,2125.28149414,2299.72680664,1895.29248047
2162.16015625,2130.04663086,2429.87011719,2018.93225098
2161.79956055,2130.14624023,2461.3828125,2075.19848633
2148.61450195,2125.85205078,2365.22753906,2076.35009766
2138.95458984,2125.98535156,2467.27832031,2213.50439453
2141.6953125,2131.00097656,2698.09863281,2292.84130859
2143.72509766,2131.46362305,2618.70996094,2069.5144043
2135.88867188,2126.83325195,2254.19140625,1833.72888184
2130.39941406,2127.49145508,2117.7824707,1987.55224609
2138.00634766,2135.92431641,2320.37768555,2327.89379883
2149.39624023,2143.50805664,2440.33496094,2409.97998047
2153.32104492,2145.86401367,2353.82495117,2316.43359375
2153.92602539,2145.30175781,2393.32080078,2388.75708008
2156.375,2139.96020508,2587.17773438,2497.38745117
2152.48999023,2125.69311523,2525.3684082,2281.42358398
2136.35229492,2108.19458008,2129.29858398,1885.12414551
2120.7421875,2100.64648438,1851.32727051,1773.30175781
2120.96826172,2107.65112305,1916.49804688,1949.99584961
2132.43408203,2120.76464844,2008.28710938,2025.99731445
2141.09887695,2131.85717773,1966.87744141,2023.4095459
2145.78344727,2141.32470703,2157.00195313,2383.36083984
2152.41088867,2149.62329102,2732.69213867,3035.9206543
2157.74511719,2152.16918945,3148.86791992,3250.67578125
2156.81079102,2148.97338867,2940.44628906,2740.05029297
2154.33984375,2147.38378906,2424.26245117,2118.61499023
2154.09008789,2148.63256836,2080.46313477,1875.62353516
2150.47558594,2144.64331055,1845.89416504,1754.2644043
2140.97045898,2133.39038086,1572.35388184,1563.8671875
2132.42700195,2123.45605469,1514.74755859,1649.93725586
2130.35424805,2120.77612305,1791.02807617,2086.38598633
2135.00415039,2125.04882813,2000.93273926,2338.42114258
2146.54492188,2137.82397461,1894.24768066,2188.26538086
2162.85205078,2159.11425781,1803.24743652,2112.86523438
2177.39746094,2179.58227539,1982.24108887,2344.84790039
2186.42944336,2189.64111328,2132.56518555,2445.28710938
2191.54467773,2191.35400391,1980.03295898,2189.8828125
2194.40112305,2191.9284668,1744.22668457,1993.85095215
2196.44482422,2193.04663086,1682.64489746,2104.65869141
2199.97192383,2193.53198242,1721.30053711,2257.32421875
2204.43676758,2194.97021484,1822.10302734,2381.87597656
2208.68530273,2199.47509766,2139.62109375,2711.52124023
2215.78100586,2205.98095703,2561.84936523,3050.21557617
2226.18847656,2211.52075195,2682.12109375,2920.140625
2233.66162109,2215.66723633,2438.96435547,2455.50439453
2236.89599609,2221.30273438,2215.98144531,2195.90527344
2241.39501953,2227.51977539,2184.48779297,2163.34790039
2244.15356445,2226.15380859,2133.82763672,2058.44165039
2236.50292969,2213.72827148,2013.31445313,2008.57580566
2224.03881836,2200.98071289,2039.61669922,2240.19677734
2220.88964844,2199.72900391,2219.12182617,2475.70458984
2226.60205078,2207.50561523,2309.75317383,2413.14526367
2230.71264648,2215.14697266,2261.69091797,2264.42797852
2232.74707031,2220.09423828,2232.23779297,2265.14135742
2237.11938477,2223.51855469,2246.88818359,2287.67138672
2238.42456055,2224.14306641,2268.15380859,2311.37353516
2230.30688477,2221.65161133,2442.25512695,2575.35131836
2219.66821289,2218.90625,2856.47070313,3003.2578125
2217.24780273,2217.61352539,3217.34155273,3128.12988281
2220.99316406,2215.91650391,3157.16455078,2756.37792969
2220.23632813,2210.56616211,2714.59887695,2191.54223633
2212.23950195,2201.18041992,2216.17211914,1755.00439453
2204.82421875,2193.78808594,1868.05908203,1509.0645752
2203.88549805,2196.53173828,1724.41271973,1461.14758301
2207.77539063,2209.14746094,1839.51916504,1673.50170898
2214.48388672,2222.109375,2156.7175293,2062.05712891
2223.43017578,2227.57202148,2409.55664063,2339.17749023
2228.23095703,2224.1237793,2415.55859375,2366.25732422
2220.45214844,2212.25708008,2352.99536133,2387.63037109
2203.72094727,2194.94262695,2480.28271484,2610.45019531
2191.30688477,2180.10375977,2681.47265625,2749.58227539
2187.64501953,2172.72607422,2603.73339844,2442.27368164
2185.54150391,2168.97119141,2206.54614258,1899.63220215
2181.84472656,2165.59472656,1835.49804688,1606.38757324
2181.01391602,2165.99804688,1738.29052734,1632.63903809
2182.96899414,2170.29882813,1849.93591309,1784.30419922
2182.46801758,2172.42749023,2083.60058594,2082.58813477
2180.91186523,2172.48461914,2451.74243164,2537.84057617
2184.19750977,2176.72387695,2811.19189453,2802.27026367
2189.03295898,2182.73632813,2866.54589844,2573.62084961
2186.44970703,2181.69140625,2586.13818359,2086.42944336
2178.49731445,2175.04882813,2302.78588867,1792.06896973
2175.72045898,2172.21484375,2239.81567383,1753.79162598
2179.17944336,2174.82373047,2244.68432617,1730.61584473
2181.23925781,2178.00756836,2177.13793945,1710.98413086
2181.56738281,2181.11743164,2199.05664063,1904.2052002
2185.83666992,2185.84741211,2398.22680664,2218.59667969
2192.81640625,2191.32421875,2503.34326172,2277.05493164
2197.59204102,2197.35302734,2322.64013672,2043.17407227
2200.81713867,2204.25952148,2089.98413086,1891.00402832
2203.59692383,2209.16723633,2052.13793945,1985.3692627
2203.35913086,2211.06347656,2155.05224609,2182.29467773
2201.52758789,2214.15673828,2403.1550293,2524.44750977
2202.796875,2217.59057617,2950.44360352,3134.99609375
2205.58764648,2212.97021484,3568.70532227,3648.81274414
2206.32885742,2201.36938477,3666.47753906,3485.02978516
2207.8503418,2197.07714844,3102.06835938,2694.70654297
2210.9921875,2204.41235352,2401.40209961,1923.03930664
2209.13085938,2209.50268555,2023.02722168,1588.22814941
2201.640625,2204.65820313,1944.3236084,1603.11730957
2197.72924805,2199.85449219,2003.15356445,1758.86450195
2200.12353516,2201.65429688,2129.19848633,1925.74023438
2202.08129883,2203.18432617,2216.83081055,1999.4230957
2202.86035156,2202.14428711,2155.01708984,1961.70349121
2208.34033203,2207.1315918,2006.06811523,1912.40710449
2217.04467773,2219.97973633,1970.28027344,1957.35681152
2221.21411133,2229.09692383,2176.00830078,2153.68676758
2219.25244141,2225.03271484,2515.34350586,2440.33691406
2216.18920898,2212.63037109,2680.05297852,2539.73071289
2215.73120117,2204.94189453,2486.52075195,2241.74194336
2217.71142578,2207.51318359,2147.30126953,1832.09460449
2219.14331055,2211.49438477,1995.63195801,1770.15576172
2216.21850586,2207.19628906,2023.28503418,1974.82629395
2208.34155273,2198.65429688,2007.17285156,2030.43359375
2198.16748047,2192.37597656,1951.49841309,1967.19311523
2186.7878418,2181.92553711,2008.32946777,2116.32543945
2174.6027832,2163.00268555,2101.04467773,2364.9621582
2166.72265625,2150.19604492,2029.56555176,2318.36962891
2168.70166016,2155.42431641,1832.69433594,2035.34313965
2176.13378906,2165.13256836,1709.61755371,1900.3671875
2178.15869141,2162.05957031,1706.78149414,1958.66674805
2173.08837891,2152.34912109,1763.76879883,2016.45837402
2170.38134766,2149.97363281,1937.24865723,2166.44506836
2174.56176758,2153.12231445,2301.15893555,2578.72998047
2178.83496094,2155.30957031,2694.65380859,2978.86572266
2178.93237305,2161.42553711,2820.52075195,2938.06713867
2180.33325195,2175.07641602,2593.95678711,2512.52856445
2185.58081055,2185.87207031,2207.71191406,2089.0012207
2187.77026367,2184.52978516,1870.68066406,1826.78015137
2183.98510742,2178.07080078,1680.96618652,1714.78442383
2182.5949707,2178.38793945,1714.92578125,1861.85534668
2189.75585938,2186.15405273,1967.37512207,2238.21875
2199.03710938,2194.28027344,2206.83569336,2464.97973633
2200.42529297,2197.89575195,2180.33959961,2324.05615234
2192.44018555,2195.71191406,1957.01635742,2106.8203125
2182.55102539,2190.75,1797.8236084,2081.42602539
2179.7956543,2192.07958984,1782.7779541,2117.8137207
2186.59570313,2206.00952148,1875.21350098,2174.93066406
2196.81274414,2225.27832031,2154.15478516,2497.35009766
2204.21337891,2236.52709961,2592.96508789,2975.49194336
2208.80444336,2235.78930664,2847.92944336,3057.88720703
2209.62402344,2227.14379883,2677.99023438,2623.48706055
2200.69848633,2213.02563477,2305.77270508,2162.46557617
2184.02563477,2198.06445313,2027.46838379,1917.54772949
2174.85229492,2193.85986328,1852.1920166,1723.90979004
2180.97802734,2204.77929688,1798.70324707,1705.25219727
2188.8659668,2216.61083984,2008.39343262,2101.98852539
2184.06396484,2214.9777832,2307.14135742,2500.81103516
2172.64208984,2207.02978516,2274.85620117,2319.54003906
2167.92773438,2207.69213867,1942.73986816,1849.42773438
2168.98217773,2213.38574219,1767.40002441,1763.82714844
2168.14160156,2210.45385742,1859.2644043,2000.15869141
2168.17504883,2201.51977539,1947.77514648,2158.82617188
2174.50805664,2198.82080078,2038.30029297,2394.52832031
2179.41455078,2198.109375,2334.90454102,2876.99902344
2171.99365234,2186.53100586,2627.79638672,3093.5925293
2157.80151367,2170.78662109,2502.46923828,2657.96508789
2151.34960938,2168.35375977,2047.37634277,2071.20800781
2154.13500977,2176.08251953,1723.49865723,1906.94250488
2156.63793945,2177.36108398,1658.28771973,1997.97351074
2156.23364258,2173.6394043,1608.98925781,1994.50939941
2156.24243164,2177.82592773,1517.73144531,1990.58496094
2154.29248047,2185.08496094,1612.59277344,2171.3125
2148.60766602,2182.21166992,1966.25634766,2421.1809082
2147.06542969,2175.70849609,2345.36987305,2558.85205078
2153.65429688,2179.10888672,2556.19189453,2580.39648438
2157.21313477,2184.92260742,2644.20874023,2543.25805664
2148.97558594,2178.8190918,2680.2421875,2443.99633789
2137.53857422,2166.6105957,2596.8671875,2267.44091797
2132.56762695,2160.31591797,2331.13500977,2038.32702637
2130.00219727,2155.55615234,1970.72583008,1812.62524414
2126.50585938,2147.27929688,1700.25488281,1683.61730957
2130.29443359,2147.33398438,1661.26281738,1749.84606934
2143.76782227,2162.95849609,1826.02685547,1962.87207031
2153.37475586,2178.42578125,1999.97094727,2096.52954102
2151.02026367,2179.69165039,2054.50195313,2064.05834961
2148.62890625,2176.53344727,2112.06689453,2102.46582031
2156.98120117,2180.05224609,2322.89941406,2336.43212891
2166.45581055,2180.44897461,2538.17114258,2432.46044922
2164.77539063,2168.94042969,2478.73730469,2134.70874023
2158.92553711,2159.66625977,2188.69262695,1790.11486816
2161.65673828,2166.19140625,1990.21313477,1799.26318359
2169.12231445,2177.21606445,1992.95483398,1981.67663574
2170.54663086,2178.71899414,2053.38525391,2065.56396484
2168.37475586,2178.06860352,2228.57373047,2257.92285156
2170.25170898,2183.73510742,2717.32763672,2694.23608398
2172.4453125,2185.04003906,3271.59057617,2927.79589844
2168.29589844,2173.75195313,3317.91552734,2616.1550293
2161.40820313,2162.14526367,2801.03417969,2126.40258789
2157.23925781,2161.49658203,2265.91821289,1917.92565918
2154.09130859,2164.78735352,2048.27539063,1942.1920166
2150.11328125,2162.86230469,2033.56262207,2045.41052246
2146.54541016,2157.45629883,2141.69335938,2270.01586914
2142.85717773,2152.31103516,2366.43432617,2476.18261719
2140.26049805,2148.82861328,2475.10644531,2378.23974609
2144.25439453,2150.82202148,2281.98461914,2093.94970703
2153.79101563,2159.84985352,2014.29150391,1985.43103027
2159.12280273,2169.96289063,1964.56640625,2048.54296875
2157.55932617,2176.22314453,2115.58251953,2119.48339844
2156.75610352,2180.19702148,2398.4440918,2348.84057617
2158.19482422,2181.06835938,2839.86279297,2778.76708984
2153.54174805,2172.86669922,3234.71582031,2942.34863281
2140.55541992,2156.68261719,3207.75952148,2556.73193359
2128.52587891,2144.46191406,2766.59082031,2044.89733887
2124.69873047,2143.67749023,2317.36816406,1830.65563965
2124.78686523,2147.06152344,2095.06665039,1789.49755859
2121.15087891,2145.09082031,2014.6126709,1782.05993652
2115.9543457,2141.11938477,2009.42370605,1958.11352539
2118.70361328,2143.44238281,2094.49438477,2252.45410156
2129.09545898,2147.65917969,2176.03808594,2318.83129883
2133.64135742,2142.3527832,2113.93432617,2096.64086914
2126.82714844,2131.06762695,1916.87585449,1853.11999512
2121.22167969,2129.83496094,1751.16882324,1761.82592773
2125.36230469,2140.26074219,1809.8347168,1869.00964355
2129.46801758,2146.00048828,2105.33764648,2156.14990234
2126.69116211,2141.1472168,2348.29345703,2362.25415039
2127.1340332,2139.19506836,2258.51098633,2209.90283203
2135.52319336,2146.2590332,1989.92810059,1896.88244629
2138.34106445,2149.31982422,1892.76257324,1828.62756348
2127.93945313,2140.49243164,1962.97460938,1996.18200684
2116.07714844,2130.14526367,2008.73596191,2201.45654297
2112.55541992,2126.83984375,2144.40991211,2547.2956543
2113.2434082,2125.11962891,2509.44799805,3046.18237305
2114.26147461,2120.12890625,2760.7824707,3208.82910156
2116.63037109,2116.14404297,2514.26367188,2725.29760742
2118.40063477,2116.84350586,2021.26257324,2076.89624023
2119.28344727,2120.69897461,1773.69812012,1829.41760254
2123.87988281,2124.92529297,1766.14562988,1864.70849609
2129.24536133,2126.01733398,1759.15368652,1907.65002441
2125.93994141,2122.84692383,1861.16162109,2132.48071289
2116.5456543,2121.59521484,2190.98828125,2580.08447266
2112.25878906,2127.09350586,2387.06591797,2718.80297852
2112.51977539,2132.609375,2129.11669922,2300.22436523
2109.93774414,2131.00683594,1740.77062988,1893.30114746
2107.85620117,2127.72851563,1668.14648438,1946.46386719
2112.375,2129.51342773,1831.54772949,2185.55859375
2118.15356445,2131.77636719,2023.36437988,2415.83886719
2118.92285156,2129.39746094,2351.4128418,2860.14379883
2119.33325195,2127.8762207,2772.03173828,3313.39672852
2124.24414063,2133.38842773,2846.69970703,3135.51416016
2128.43261719,2141.46899414,2453.78979492,2392.75439453
2125.02905273,2143.11767578,2085.09887695,1867.49707031
2115.30712891,2136.76293945,2052.03417969,1815.3392334
2106.61572266,2130.16625977,2088.55444336,1823.55639648
2106.15454102,2131.63964844,2028.89538574,1831.93920898
2116.15625,2140.48193359,2114.109375,2143.12231445
2130.91503906,2148.23168945,2344.43066406,2522.2265625
2140.12768555,2149.50341797,2309.80419922,2407.43969727
2138.17138672,2146.77197266,1954.09570313,1946.55102539
2129.31933594,2144.02954102,1754.67700195,1809.2701416
2122.60961914,2142.55249023,1902.39868164,2075.15600586
2122.54223633,2144.1105957,2062.71655273,2275.79711914
2125.96142578,2150.9831543,2115.1171875,2364.92724609
2127.09594727,2159.86987305,2311.34204102,2632.31835938
2123.23486328,2161.37890625,2570.30297852,2845.67382813
2115.71899414,2150.64160156,2458.99243164,2525.47167969
2109.09545898,2136.68188477,1989.41040039,1906.30249023
2109.48974609,2134.45336914,1664.86853027,1656.22070313
2118.78613281,2145.38330078,1695.00842285,1846.07958984
2130.14501953,2154.60693359,1837.87561035,2046.19641113
2135.03271484,2152.50341797,1962.20141602,2149.75927734
2133.89208984,2146.59985352,2157.38476563,2317.86645508
2133.64111328,2145.00317383,2360.39111328,2419.78344727
2137.46289063,2144.95092773,2378.44775391,2236.32739258
2143.51391602,2146.36767578,2240.95605469,1970.81445313
2148.81542969,2156.13427734,2185.95336914,1991.10974121
2149.06030273,2170.41064453,2333.42700195,2270.10693359
2141.7668457,2174.93310547,2574.61230469,2505.02001953
2133.07885742,2168.515625,2743.75390625,2579.67260742
2132.46777344,2164.18676758,2778.46875,2560.82226563
2139.56225586,2166.15356445,2713.4675293,2444.39575195
2145.62402344,2166.47363281,2570.44799805,2216.33935547
2146.31591797,2161.51025391,2326.69360352,1998.52661133
2143.43505859,2154.33862305,2036.7520752,1903.14172363
2137.45288086,2146.11889648,1876.1862793,1904.51025391
2127.90991211,2136.73120117,1949.87438965,1991.33972168
2118.91552734,2128.10083008,2157.17333984,2213.74902344
2116.81787109,2121.78833008,2339.34399414,2466.83276367
2122.68969727,2118.12866211,2436.94042969,2512.25732422
2131.03320313,2116.91918945,2450.60717773,2324.41040039
2136.20166016,2116.18579102,2399.05786133,2124.82592773
2137.51879883,2114.76733398,2355.87207031,2028.87243652
2136.60131836,2115.38183594,2402.95141602,1983.21130371
2132.60400391,2118.63671875,2525.7565918,2019.171875
2125.08520508,2119.09545898,2622.11474609,2188.89892578
2119.84692383,2115.01831055,2613.60498047,2324.96411133
2123.89135742,2113.07714844,2528.92919922,2235.51342773
2133.92382813,2115.54223633,2469.16381836,2018.03918457
2139.0222168,2114.9765625,2474.92260742,1885.44689941
2136.33081055,2109.07202148,2482.26196289,1881.16381836
2133.6027832,2106.3815918,2451.19726563,1968.57250977
2134.2644043,2110.63208008,2428.01928711,2134.80078125
2132.46850586,2113.88867188,2428.95947266,2289.79174805
2126.02172852,2110.46728516,2408.80200195,2331.66943359
2121.33862305,2104.65014648,2377.11157227,2309.76000977
2121.73486328,2101.32202148,2385.26513672,2300.44970703
2122.32617188,2099.0949707,2407.70922852,2276.14160156
2120.14746094,2095.13232422,2381.26489258,2260.69018555
2119.5078125,2091.36865234,2315.5012207,2332.35058594
2123.21289063,2093.28637695,2282.79956055,2405.42919922
2126.03515625,2101.57763672,2362.44604492,2370.90893555
2122.8203125,2108.22338867,2549.44213867,2350.85083008
2118.4074707,2107.63452148,2651.32299805,2397.82543945
2121.27954102,2106.90869141,2485.84960938,2269.3918457
2129.76513672,2113.8112793,2225.4140625,1939.51525879
2135.1784668,2122.03222656,2167.03149414,1782.58947754
2136.87792969,2122.92456055,2220.07055664,1885.59667969
2140.71679688,2122.28393555,2189.00732422,1955.30761719
2144.55273438,2129.19995117,2331.28442383,2078.43676758
2141.15087891,2138.08081055,2854.72045898,2542.86401367
2133.47558594,2137.68603516,3247.44238281,2954.86694336
2131.55053711,2130.12109375,3014.20727539,2733.6262207
2136.99609375,2127.11352539,2550.87426758,2195.234375
2143.5534668,2132.03613281,2390.35742188,1949.70166016
2147.70068359,2136.44604492,2292.30712891,1822.81945801
2148.50219727,2133.87939453,1928.05175781,1493.63586426
2143.66235352,2128.80151367,1627.39880371,1328.37854004
2133.46972656,2128.03198242,1689.29260254,1605.62158203
2123.49121094,2129.82006836,1806.28063965,1909.36462402
2120.1496582,2129.44799805,1749.21032715,1984.2947998
2126.20263672,2130.296875,1787.55737305,2125.88623047
2138.15722656,2137.83154297,2038.41882324,2347.83251953
2146.90332031,2146.46362305,2183.6640625,2270.08520508
2146.33178711,2145.51977539,2076.88745117,1961.07373047
2140.60888672,2136.42895508,1952.00195313,1862.60375977
2137.27539063,2131.53857422,1949.82580566,1994.17346191
2137.42456055,2135.80615234,2023.23022461,2125.51074219
2138.42285156,2140.73095703,2224.96801758,2363.01025391
2139.73608398,2138.90576172,2545.21191406,2757.70288086
2140.82104492,2134.74707031,2669.97729492,2883.88574219
2139.55029297,2135.03320313,2403.96704102,2520.58154297
2136.27758789,2137.57592773,2037.34191895,2110.64550781
2135.70068359,2138.69140625,1875.41064453,2000.68981934
2143.24780273,2143.95556641,1826.02539063,1975.27758789
2158.82788086,2158.45996094,1801.13745117,1927.33642578
2172.97436523,2173.36962891,1974.10388184,2116.71728516
2174.59863281,2177.71875,2303.77832031,2460.42285156
2165.31958008,2176.58520508,2397.84228516,2471.11181641
2157.2668457,2180.44482422,2144.86279297,2120.67260742
2155.46606445,2184.90209961,1911.06420898,1905.66638184
2155.2331543,2180.07348633,1917.06420898,1982.38635254
2155.81494141,2170.59350586,1994.95361328,2075.73657227
2159.87890625,2166.11621094,2075.5065918,2182.47021484
2161.49462891,2161.9921875,2321.70507813,2516.46142578
2152.29736328,2149.10961914,2667.85424805,2866.06835938
2137.25952148,2132.41992188,2770.84521484,2792.64038086
2128.58349609,2121.70703125,2532.18237305,2342.16918945
2127.64282227,2115.32202148,2225.46508789,1930.14428711
2126.84912109,2108.97900391,2052.15307617,1725.9239502
2124.75634766,2108.4921875,1957.53942871,1647.84765625
2126.61401367,2119.43579102,1895.84899902,1696.53076172
2133.47143555,2135.10107422,1931.01879883,1897.24597168
2140.82885742,2145.50390625,2062.53369141,2141.18920898
2145.54077148,2148.96655273,2188.65917969,2283.35888672
2147.37841797,2149.08007813,2228.08349609,2229.89648438
2146.76586914,2149.28881836,2185.29614258,2002.90319824
2145.36108398,2152.7355957,2166.3034668,1868.70715332
2145.60742188,2159.94433594,2279.47363281,2080.24633789
2147.56152344,2167.13305664,2418.03491211,2384.59155273
2149.69775391,2171.53051758,2356.79760742,2326.06201172
2152.54736328,2174.69360352,2169.77709961,2045.0065918
2157.59130859,2177.91748047,2151.73413086,2020.89050293
2164.45947266,2180.25048828,2256.47460938,2163.16772461
2172.2578125,2182.51611328,2211.26928711,2131.85595703
2180.30444336,2187.10058594,2187.0925293,2255.23583984
2186.54858398,2193.34326172,2551.41723633,2930.22900391
2189.7890625,2198.41625977,3012.51757813,3523.48803711
2192.64306641,2202.66625977,2948.57543945,3203.09692383
2198.35351563,2209.89331055,2467.45629883,2376.53515625
2206.79077148,2220.72412109,2160.11352539,1968.44238281
2214.83398438,2227.95019531,2040.51171875,1904.11584473
2217.45532227,2223.88330078,1752.57629395,1657.76330566
2210.89794922,2212.89941406,1505.18225098,1542.26574707
2198.90087891,2207.37182617,1736.40759277,2034.37231445
2190.66577148,2209.55151367,2158.99169922,2565.30004883
2189.59838867,2210.89990234,2159.38232422,2378.0168457
2191.05688477,2209.61132813,1844.97131348,1875.8536377
2191.80126953,2210.77099609,1754.00427246,1837.91101074
2193.11083984,2211.13378906,1874.41711426,2078.41699219
2195.58325195,2204.78808594,1872.38391113,2103.1862793
2198.57495117,2198.97753906,1905.63232422,2210.47045898
2202.23974609,2202.58764648,2273.43237305,2725.5793457
2204.58032227,2207.19921875,2639.52392578,3056.55322266
2200.82324219,2200.49145508,2503.74047852,2658.61499023
2189.95239258,2187.67553711,2067.88037109,2033.61083984
2177.12695313,2180.08911133,1826.29077148,1808.71972656
2167.12084961,2174.7734375,1744.09362793,1790.48156738
2161.24560547,2164.59643555,1593.5546875,1718.58337402
2161.41503906,2156.29052734,1578.47265625,1894.02429199
2168.01049805,2158.18286133,1874.4420166,2367.0
2173.81884766,2161.89477539,2094.95922852,2567.50390625
2172.24267578,2157.72363281,1916.97961426,2302.53735352
2168.45556641,2154.51831055,1666.67041016,2088.14501953
2167.87524414,2160.6159668,1687.51904297,2152.87304688
2163.44604492,2162.54760742,1791.06640625,2188.84350586
2151.95532227,2148.83813477,1833.58325195,2222.07421875
2146.05883789,2133.97875977,2059.55761719,2570.16821289
2151.92016602,2133.39233398,2452.21386719,2953.71728516
2157.51757813,2139.29663086,2578.65893555,2819.5534668
2156.97338867,2142.45361328,2372.43408203,2362.21704102
2158.53295898,2148.91333008,2223.5715332,2125.46337891
2161.86010742,2159.35546875,2203.90039063,2021.18383789
2159.24243164,2162.3503418,2073.9753418,1788.00024414
2157.98095703,2157.61230469,1953.89697266,1764.37109375
2168.77832031,2157.21875,2111.4128418,2199.07299805
2180.54711914,2162.00927734,2321.78222656,2555.51123047
2177.82177734,2162.90722656,2234.91113281,2383.15112305
2168.36523438,2161.03222656,2022.85595703,2078.52075195
2165.40185547,2163.1706543,1999.76452637,2098.05883789
2162.46630859,2165.61328125,2075.09960938,2260.9855957
2151.93481445,2162.4699707,2118.99023438,2345.90307617
2145.18896484,2159.45947266,2298.3972168,2521.21411133
2149.9453125,2162.61303711,2613.55810547,2780.28222656
2152.84619141,2165.35205078,2703.24487305,2747.83081055
2147.01171875,2161.95043945,2437.765625,2351.40380859
2149.48095703,2161.72680664,2117.80297852,1995.0994873
2169.93798828,2174.75927734,1921.67102051,1914.75158691
2189.76220703,2192.84521484,1764.29418945,1981.01879883
2191.65698242,2199.55322266,1717.38000488,2125.44775391
2184.22973633,2193.71191406,1926.10217285,2349.24926758
2180.88085938,2187.56176758,2183.68579102,2432.86181641
2177.76611328,2183.33984375,2186.34985352,2211.61914063
2167.47851563,2170.94213867,2038.94689941,1940.16259766
2156.90478516,2152.97900391,2011.43652344,1922.62158203
2157.68066406,2148.17285156,2096.11645508,2101.6328125
2168.06323242,2159.38305664,2212.76147461,2350.8972168
2175.81787109,2165.34887695,2444.49438477,2702.72924805
2176.01318359,2156.86206055,2735.98339844,3007.01782227
2174.04296875,2150.05395508,2800.43212891,2917.52416992
2170.49365234,2152.07202148,2566.86206055,2454.32397461
2158.77734375,2149.11474609,2289.86010742,2044.55065918
2142.16015625,2138.91967773,2116.09399414,1893.71655273
2135.32104492,2138.60009766,1998.06176758,1866.81677246
2142.49291992,2151.34521484,2015.67382813,1959.01000977
2150.16992188,2157.47265625,2261.2734375,2246.98681641
2146.71362305,2145.37304688,2479.7512207,2462.47265625
2136.38696289,2127.24902344,2375.17382813,2292.20483398
2130.91040039,2119.30859375,2148.06201172,1973.1270752
2135.64550781,2122.70800781,2167.11743164,1934.12902832
2146.00756836,2129.55444336,2331.21606445,2092.65356445
2153.83813477,2136.984375,2363.36547852,2178.30395508
2155.07202148,2144.99121094,2422.20288086,2366.6875
2150.07666016,2146.05712891,2744.79296875,2831.703125
2140.27832031,2133.07958984,3023.84643555,3107.9831543
2130.09692383,2116.34960938,2844.35644531,2725.51806641
2127.58251953,2113.9543457,2428.09301758,2075.24414063
2134.59204102,2125.4296875,2284.74853516,1843.72155762
2140.92749023,2133.70751953,2406.97290039,1980.86816406
2137.21777344,2131.31640625,2430.61132813,2016.68347168
2128.58007813,2126.07739258,2367.42260742,2010.65478516
2126.09667969,2123.56787109,2556.70849609,2316.73828125
2129.63525391,2121.21264648,2958.29858398,2685.95800781
2130.25048828,2118.84838867,3083.64990234,2532.49389648
2127.1027832,2121.72045898,2745.55810547,1978.13891602
2129.32983398,2131.11376953,2363.96069336,1734.09729004
2140.00683594,2140.37060547,2304.41699219,1968.21374512
2150.6484375,2143.72119141,2393.12280273,2149.96362305
2154.66162109,2143.60253906,2378.6015625,2038.9296875
2154.47167969,2144.30737305,2388.5390625,1987.56079102
2152.1730957,2143.53662109,2560.17138672,2170.47241211
2145.36938477,2137.52807617,2658.84716797,2271.93310547
2136.4777832,2129.90356445,2465.35058594,2112.59472656
2134.64941406,2127.1496582,2190.30615234,1976.82763672
2142.68188477,2129.57421875,2140.63916016,2092.59985352
2151.06005859,2134.05175781,2261.91113281,2250.37719727
2151.38183594,2140.59106445,2330.74047852,2202.89648438
2148.57299805,2149.51928711,2343.69189453,2080.81176758
2152.50805664,2157.52587891,2406.38330078,2108.34448242
2162.87036133,2161.77856445,2464.90161133,2208.8671875
2170.24121094,2162.46240234,2434.92797852,2210.97045898
2169.03637695,2158.93701172,2385.25585938,2174.15551758
2162.7734375,2151.35693359,2369.82568359,2221.71899414
2158.07128906,2146.28710938,2324.6953125,2306.73681641
2157.20385742,2149.43457031,2280.171875,2353.10083008
2156.65478516,2153.796875,2359.91259766,2374.78637695
2152.96704102,2148.28881836,2486.76000977,2345.87231445
2147.58251953,2134.86791992,2464.24682617,2209.66015625
2142.3215332,2123.01660156,2358.73291016,2046.88659668
2135.93164063,2114.38525391,2382.38671875,1994.43103027
2131.03637695,2107.61132813,2470.53076172,2028.27783203
2134.55297852,2107.95678711,2427.02368164,2046.41894531
2144.82080078,2118.08325195,2338.25634766,2083.09667969
2151.22485352,2130.02954102,2370.3359375,2207.60131836
2150.47192383,2135.75463867,2376.88989258,2313.00732422
2148.82836914,2135.16650391,2187.57421875,2267.43164063
2148.51123047,2130.453125,2012.49938965,2181.328125
2146.05786133,2122.2644043,2102.44091797,2246.28344727
2141.29345703,2111.56958008,2314.74853516,2401.41479492
2138.02001953,2100.76977539,2416.01611328,2448.03222656
2139.97436523,2095.58886719,2463.78979492,2382.58789063
2148.71044922,2102.7590332,2541.5559082,2320.8215332
2160.57983398,2120.18920898,2501.1887207,2239.36035156
2168.79223633,2136.48168945,2277.18603516,2088.55908203
2170.95776367,2144.16088867,2085.58081055,1986.43786621
2168.99560547,2145.06958008,2077.98095703,2031.17529297
2165.48120117,2144.6784668,2152.12402344,2118.20117188
2166.23681641,2148.95239258,2234.85864258,2142.43286133
2175.28076172,2158.81689453,2371.89746094,2140.39111328
2183.22387695,2164.49926758,2474.44848633,2121.17919922
2177.86572266,2158.55639648,2377.58496094,2051.875
2165.64526367,2149.82495117,2172.97460938,2033.43554688
2162.21875,2148.34008789,2114.33227539,2171.92602539
2168.20239258,2150.27148438,2238.19555664,2352.39819336
2174.64379883,2153.53369141,2402.9934082,2438.86987305
2180.56860352,2165.38110352,2560.7824707,2487.75170898
2186.15087891,2180.55908203,2679.81494141,2501.40625
2182.90673828,2180.14697266,2611.33911133,2322.73095703
2167.07006836,2162.77539063,2326.71875,1996.63684082
2150.52636719,2148.98657227,2050.69287109,1800.68432617
2146.95751953,2149.48364258,1948.75183105,1797.27893066
2155.29638672,2153.97021484,1954.35546875,1831.47436523
2163.51660156,2151.94799805,2003.63952637,1919.45117188
2164.69238281,2145.30029297,2108.79931641,2120.7512207
2164.203125,2141.33935547,2184.66577148,2239.51953125
2168.62451172,2143.5065918,2141.75878906,2148.36499023
2172.4362793,2147.95996094,2073.4934082,2054.41235352
2166.57348633,2149.5847168,2079.53100586,2086.65942383
2156.7043457,2151.05737305,2120.30834961,2134.46264648
2155.93945313,2156.48266602,2226.76977539,2253.46020508
2162.04345703,2159.03100586,2492.48193359,2567.64575195
2162.65112305,2151.71044922,2760.98120117,2811.43530273
2159.21875,2144.40063477,2757.65722656,2684.58398438
2162.07836914,2149.14233398,2523.28491211,2398.69775391
2167.08129883,2157.72045898,2285.76806641,2220.21630859
2162.50048828,2156.11352539,2058.1003418,1994.41455078
2152.91625977,2149.11499023,1772.17492676,1670.64331055
2151.953125,2149.6328125,1552.76818848,1580.08557129
2158.73583984,2157.14257813,1513.76501465,1795.05786133
2162.65917969,2163.42089844,1561.23803711,1996.90734863
2162.33300781,2165.59179688,1598.07202148,2120.76489258
2162.49169922,2163.27514648,1642.72009277,2329.13842773
2162.16796875,2156.42797852,1689.94995117,2469.08422852
2159.22680664,2149.63427734,1705.34155273,2331.4543457
2157.57592773,2147.61108398,1715.52355957,2138.68505859
2161.17407227,2149.51147461,1741.82299805,2135.45239258
2167.57446289,2154.09472656,1768.60583496,2169.18457031
2171.48339844,2160.72680664,1842.39245605,2136.84619141
2170.59838867,2162.71142578,2010.37414551,2222.60327148
2166.74072266,2153.61474609,2146.61987305,2370.80249023
2162.70996094,2139.67504883,2058.03759766,2233.92431641
2159.02734375,2131.84204102,1770.37915039,1857.71618652
2155.82373047,2130.03540039,1518.98779297,1705.27392578
2155.84521484,2127.94335938,1464.6776123,1906.37927246
2160.1484375,2125.77319336,1574.5291748,2154.20288086
2164.35766602,2127.60205078,1744.14892578,2308.00512695
2165.97631836,2133.40600586,1887.49230957,2459.44360352
2168.75561523,2139.71289063,1943.17724609,2528.43383789
2172.73266602,2142.66479492,1906.68896484,2376.67504883
2170.2800293,2140.10742188,1829.2689209,2160.75683594
2159.44335938,2134.41918945,1763.41259766,2117.90405273
2149.87744141,2130.72265625,1770.92700195,2206.95263672
2149.95678711,2132.11108398,1910.74060059,2265.11376953
2158.01245117,2139.68261719,2102.46679688,2259.41113281
2167.89038086,2152.44580078,2147.13696289,2198.18115234
2174.80102539,2163.95727539,2025.82788086,2072.04052734
2176.68334961,2166.57983398,1961.31152344,1965.17749023
2174.95825195,2161.0625,2044.63696289,1971.64245605
2173.03710938,2155.27856445,2101.50048828,2024.33569336
2174.47851563,2155.40161133,2060.98242188,2021.61132813
2182.12329102,2162.80395508,2087.21826172,2007.40039063
2192.96240234,2173.6875,2219.88525391,2049.63085938
2196.4465332,2179.9230957,2270.00024414,2105.46362305
2187.29760742,2177.45410156,2165.53320313,2129.9921875
2174.28466797,2171.18994141,2055.89916992,2157.73413086
2166.87915039,2165.45483398,2055.46704102,2238.75732422
2163.4152832,2158.4050293,2147.68066406,2390.9362793
2160.64331055,2150.97070313,2255.87744141,2520.9284668
2162.00024414,2148.71630859,2247.53149414,2412.99658203
2169.9152832,2151.96582031,2064.08959961,2057.48730469
2180.6953125,2156.62036133,1888.3527832,1827.4473877
2189.33569336,2162.72216797,1908.8269043,1945.85900879
2193.24780273,2171.0546875,2026.31750488,2131.59106445
2192.93261719,2177.57592773,2117.74365234,2199.52856445
2190.04052734,2179.15380859,2306.25756836,2390.92773438
2183.35302734,2176.48535156,2593.57617188,2661.06494141
2172.99560547,2169.74414063,2643.75073242,2507.25463867
2167.21264648,2161.10742188,2329.97631836,1944.20410156
2171.16113281,2156.67944336,2014.57800293,1654.0246582
2174.54956055,2156.84667969,1960.90405273,1851.82092285
2168.81713867,2155.6340332,2006.38256836,2063.59375
2164.78515625,2155.06176758,2024.4576416,2138.66357422
2172.32739258,2162.75292969,2105.17993164,2354.12841797
2180.48022461,2173.59033203,2163.95263672,2565.13867188
2178.60839844,2175.40112305,1982.81640625,2375.0793457
2175.10229492,2170.90380859,1666.17724609,1990.02636719
2177.55371094,2171.66674805,1509.97314453,1904.34802246
2178.82714844,2176.50024414,1530.61376953,2050.59472656
2175.24121094,2177.01171875,1612.04541016,2123.85791016
2174.85473633,2175.31030273,1843.04089355,2254.46069336
2180.87548828,2177.59594727,2199.22363281,2558.63305664
2186.74633789,2180.43994141,2264.36816406,2630.23852539
2188.73071289,2178.30102539,1823.55480957,2236.2199707
2188.48754883,2175.05493164,1347.89697266,1873.31420898
2186.93432617,2177.2824707,1347.04724121,1972.4420166
2186.11914063,2184.32006836,1648.90856934,2226.69995117
2190.94042969,2192.015625,1847.70214844,2264.9362793
2201.32641602,2198.89770508,2012.67468262,2281.42553711
2208.87988281,2203.5234375,2360.19018555,2482.5065918
2206.79296875,2202.27734375,2620.45532227,2560.70410156
2197.10131836,2194.14477539,2392.28417969,2226.64990234
2184.09887695,2183.04956055,1893.80773926,1786.87097168
2169.94506836,2173.64550781,1717.66113281,1715.9284668
2163.48681641,2169.76928711,1940.3626709,1944.42346191
2178.36523438,2176.1262207,2109.21142578,2063.28686523
2208.08276367,2192.50219727,2115.44067383,2099.78149414
2221.39233398,2206.55712891,2368.91088867,2463.94921875
2202.90234375,2204.93286133,2918.36669922,3057.68603516
2176.94238281,2192.51977539,3145.38989258,3198.6965332
2169.51879883,2185.95776367,2722.22045898,2695.56738281
2175.06860352,2189.00463867,2189.85595703,2200.09033203
2182.98144531,2193.00341797,2109.43359375,2161.03466797
2199.54711914,2196.91918945,2270.21777344,2253.63427734
2219.58959961,2203.26416016,2231.63867188,2168.64624023
2218.87939453,2203.20068359,2054.06079102,2123.78686523
2197.83911133,2192.4543457,1993.6842041,2266.29248047
2188.97460938,2187.79174805,1985.13867188,2326.41577148
2203.83618164,2201.00317383,1876.41088867,2160.32836914
2217.96484375,2217.12866211,1776.05529785,2028.74389648
2218.38037109,2222.26049805,1821.27160645,2115.32006836
2218.96191406,2225.05419922,1906.67358398,2242.88452148
2223.81274414,2230.90283203,1877.3527832,2227.04980469
2221.12255859,2228.57226563,1769.34985352,2150.62036133
2213.98583984,2217.54150391,1728.17199707,2161.72412109
2216.12133789,2212.35546875,1837.48840332,2258.60571289
2221.62817383,2211.25610352,2054.72680664,2358.1652832
2215.0625,2197.80834961,2200.64794922,2375.72705078
2202.84643555,2176.58984375,2079.58691406,2221.90112305
2203.1315918,2169.91357422,1759.15148926,1955.45935059
2213.28320313,2178.2512207,1616.46313477,1887.73510742
2214.78808594,2178.72167969,1878.51721191,2186.16455078
2205.96191406,2163.82885742,2237.6574707,2476.11621094
2204.50292969,2150.1550293,2252.55371094,2330.0715332
2213.04907227,2145.71801758,2000.57763672,1976.66271973
2209.10327148,2138.23901367,1872.83044434,1887.88793945
2186.74633789,2123.87084961,1886.36987305,1980.73205566
2176.75439453,2120.53881836,1826.80639648,2014.24035645
2195.35644531,2138.14135742,1874.1060791,2272.41577148
2213.40258789,2158.41601563,2296.94116211,2908.62158203
2213.52319336,2162.64746094,2735.26953125,3254.6887207
2222.84228516,2158.35742188,2650.4921875,2796.84936523
2248.00756836,2157.87304688,2241.18261719,2110.37255859
2247.05126953,2151.93847656,2065.36328125,1891.5994873
2207.01074219,2129.6184082,2108.0168457,1928.92529297
2174.59448242,2105.92578125,2049.49804688,1858.99035645
2177.14404297,2103.23803711,2010.828125,1939.00805664
2187.89428711,2118.40380859,2233.11401367,2305.85839844
2189.41235352,2131.19921875,2485.25244141,2484.16650391
2200.44311523,2135.15136719,2473.69213867,2261.50244141
2226.54223633,2138.84448242,2350.3503418,2081.67822266
2241.70678711,2142.60351563,2314.109375,2172.08447266
2231.01660156,2135.93408203,2280.99755859,2265.19042969
2214.80419922,2120.81030273,2284.69677734,2349.66699219
2218.62866211,2116.33691406,2533.25732422,2667.96508789
2238.08691406,2130.30981445,2858.63574219,2984.02172852
2249.33325195,2146.54052734,2831.77685547,2868.36230469
2246.81542969,2152.60351563,2487.0456543,2504.94360352
2245.61645508,2156.03833008,2193.26293945,2290.08227539
2247.73876953,2160.20068359,1953.12463379,2105.11914063
2239.70556641,2153.54418945,1629.60314941,1838.49560547
2225.27490234,2136.38891602,1529.59472656,1892.71350098
2223.71020508,2126.96044922,1895.01330566,2371.65527344
2233.36303711,2129.49243164,2265.3112793,2656.36865234
2231.79516602,2127.5612793,2184.33203125,2457.23657227
2215.1640625,2117.09204102,1967.82543945,2279.98730469
2207.10839844,2115.44702148,2023.17736816,2377.05444336
2221.0246582,2130.33691406,2141.19116211,2388.44555664
2238.01538086,2145.92358398,2134.41357422,2333.34472656
2236.14916992,2146.82592773,2319.47900391,2679.46923828
2222.01098633,2135.33203125,2759.78637695,3208.56274414
2213.06225586,2118.62280273,2929.51391602,3132.18652344
2206.59326172,2096.73852539,2626.22338867,2462.58911133
2192.19775391,2072.30004883,2321.67919922,1975.90246582
2177.67993164,2058.02099609,2275.52368164,1847.25842285
2174.34033203,2062.03344727,2216.55249023,1636.32861328
2173.9675293,2074.34155273,2094.59594727,1453.96899414
2165.56665039,2078.80566406,2213.24829102,1771.40563965
2156.65429688,2072.13061523,2500.25317383,2281.03588867
2159.00512695,2063.1965332,2532.73706055,2282.1159668
2170.52539063,2060.12963867,2318.27978516,1938.32116699
2181.11352539,2063.7800293,2236.87451172,1913.79772949
2182.68334961,2069.81323242,2299.64379883,2152.81445313
2174.83300781,2074.99755859,2255.89135742,2211.13891602
2169.73291016,2080.94921875,2237.19311523,2272.70263672
2178.55493164,2087.36791992,2495.09863281,2661.44482422
2188.51635742,2085.52368164,2759.01342773,2945.93603516
2176.74023438,2070.14135742,2632.07299805,2639.77758789
2150.00732422,2053.72070313,2296.18774414,2129.42675781
2140.47094727,2053.4074707,2110.02148438,1939.51818848
2157.09106445,2067.12646484,1970.0369873,1860.20129395
2174.31958008,2079.13085938,1748.34350586,1646.05297852
2176.66845703,2084.70849609,1760.31164551,1667.19543457
2178.91235352,2091.31176758,2131.9375,2083.68652344
2187.84545898,2098.50292969,2385.10205078,2324.85864258
2182.42236328,2096.4675293,2238.50073242,2079.16113281
2157.26708984,2086.13647461,2073.77514648,1856.45617676
2147.42333984,2082.8190918,2165.74023438,2021.2130127
2174.08374023,2093.48388672,2292.15307617,2235.42041016
2202.39135742,2105.58032227,2402.59765625,2287.52441406
2194.44018555,2107.74780273,2743.71313477,2471.69946289
2169.09155273,2107.76245117,3131.5480957,2779.26269531
2165.93261719,2116.85913086,3052.96899414,2712.09204102
2181.60571289,2127.88134766,2583.24243164,2217.48632813
2184.88427734,2126.00976563,2296.01513672,1864.3302002
2171.24438477,2114.14501953,2305.46508789,1888.42797852
2162.59423828,2108.25146484,2278.19580078,1982.92980957
2164.55615234,2109.12670898,2225.26074219,2073.60058594
2158.92578125,2100.44946289,2380.86376953,2334.92822266
2139.81005859,2079.41894531,2507.55200195,2519.27856445
2126.52099609,2065.43676758,2211.76464844,2250.23193359
2129.05712891,2068.31396484,1736.73571777,1806.68310547
2131.06274414,2073.88427734,1631.0255127,1733.51074219
2124.77709961,2073.68041992,1885.31555176,2004.63696289
2129.0456543,2079.18920898,2123.40649414,2316.13061523
2150.24731445,2092.45092773,2308.99560547,2673.32885742
2160.57397461,2093.92871094,2572.62426758,3029.73950195
2140.31713867,2074.80810547,2712.42553711,3003.08789063
2111.53833008,2053.28417969,2501.99951172,2512.39916992
2105.29150391,2045.5760498,2146.15380859,2038.54760742
2119.01831055,2043.88696289,1967.39489746,1906.90686035
2132.57055664,2035.61315918,2013.17553711,1976.77050781
2145.39794922,2026.92736816,2220.04321289,2133.36694336
2158.91235352,2030.41772461,2507.59399414,2373.62573242
2145.06176758,2039.0234375,2625.74951172,2467.87353516
2095.72192383,2035.9510498,2404.68041992,2218.28100586
2072.87866211,2026.86376953,2105.57250977,1893.74243164
2117.49560547,2030.5513916,2080.39990234,1866.0892334
2155.75146484,2040.54492188,2300.91918945,2092.57617188
2116.22900391,2037.14038086,2596.32250977,2365.26000977
2066.93237305,2030.70837402,2973.68969727,2682.8605957
2091.99560547,2043.38122559,3348.8059082,3002.76293945
2133.84472656,2061.03100586,3387.08740234,3006.26879883
2115.96142578,2057.93676758,2950.28320313,2509.05444336
2098.8894043,2048.89526367,2387.01806641,1883.45935059
2151.01074219,2061.50317383,2144.37060547,1699.22607422
2195.13500977,2081.83666992,2271.9074707,2004.79333496
2144.69677734,2081.04467773,2461.00683594,2326.38354492
2072.26074219,2070.31738281,2525.66113281,2406.67041016
2089.09375,2079.79223633,2654.20239258,2460.46875
2155.66333008,2103.77929688,2994.69042969,2551.91796875
2159.2578125,2112.3112793,3224.96313477,2363.56201172
2109.38867188,2104.92407227,2986.0637207,1884.15100098
2111.05981445,2111.08300781,2525.68457031,1628.0982666
2180.23779297,2137.38549805,2331.77783203,1820.22912598
2222.15185547,2153.49047852,2362.13500977,2036.35998535
2191.10400391,2144.5847168,2266.15869141,1951.75415039
2156.84082031,2141.46166992,2111.49951172,1824.87365723
2186.12475586,2169.38574219,2227.15991211,1977.26293945
2240.93530273,2199.67651367,2513.28149414,2264.54711914
2238.56640625,2193.79052734,2534.22143555,2318.93774414
2171.50585938,2167.08422852,2234.55371094,2091.66870117
2116.28857422,2159.02661133,2018.39111328,1898.08044434
2120.99243164,2165.58666992,2073.43652344,1916.16894531
2137.45678711,2155.72583008,2126.17675781,1953.81347656
2113.00146484,2133.39038086,2018.9699707,1903.45825195
2096.39233398,2129.66308594,2008.8996582,2004.55151367
2156.71899414,2149.81347656,2236.87231445,2328.7722168
2237.74853516,2170.75317383,2409.88818359,2506.79321289
2224.84960938,2176.58764648,2301.63427734,2332.5612793
2138.18017578,2170.99389648,2093.34570313,2107.94921875
2111.63330078,2167.90893555,1991.03869629,2085.99145508
2172.58789063,2175.08618164,1959.8536377,2119.05810547
2195.9519043,2177.61230469,1963.3572998,2072.38256836
2119.91821289,2158.91088867,2037.88635254,2054.03686523
2057.90258789,2142.90332031,2098.73022461,2089.35180664
2110.51660156,2166.58300781,2030.36682129,2030.98181152
2198.37670898,2207.45043945,1902.42871094,1870.05651855
2200.21484375,2207.14404297,1833.95239258,1766.63354492
2146.39990234,2168.96069336,1810.97705078,1774.6887207
2136.30273438,2151.10449219,1818.03979492,1834.08813477
2154.24536133,2163.88427734,1908.15783691,1955.19897461
2122.47021484,2162.8449707,2030.37927246,2148.18603516
2071.94750977,2144.63549805,2054.71875,2286.47265625
2098.765625,2155.93652344,2004.8918457,2268.34228516
2185.06469727,2198.19580078,2010.2956543,2181.51806641
2214.77758789,2212.97241211,2073.09033203,2141.75024414
2156.3059082,2180.45507813,2116.67773438,2136.85620117
2099.05322266,2153.89233398,2155.03881836,2141.43896484
2105.9519043,2170.80834961,2214.66430664,2184.49243164
2136.83837891,2196.7409668,2225.41577148,2230.41943359
2132.55981445,2188.16088867,2123.04443359,2187.99780273
2096.63305664,2157.53930664,1928.85864258,2067.78955078
2071.17529297,2142.01220703,1705.86035156,1981.12792969
2078.54736328,2147.57299805,1573.67199707,2013.33508301
2106.52539063,2156.19677734,1673.61169434,2184.42993164
2129.91870117,2160.23095703,1957.31408691,2432.46801758
2135.69165039,2163.11645508,2167.52661133,2596.68457031
2126.05297852,2162.55981445,2172.36938477,2561.84228516
2100.36254883,2153.13818359,2115.20019531,2420.5324707
2066.26220703,2142.01782227,2142.04467773,2350.26000977
2072.59423828,2148.51831055,2235.20239258,2383.69213867
2152.50830078,2176.45727539,2367.56933594,2441.22949219
2222.09570313,2195.04833984,2538.41870117,2487.75146484
2171.69580078,2176.38354492,2628.12182617,2502.29077148
2070.26196289,2148.04663086,2493.37963867,2408.43041992
2084.47021484,2162.37280273,2216.78442383,2193.31616211
2201.35546875,2214.1081543,2027.89196777,2000.51489258
2268.19433594,2244.51269531,2004.46862793,1974.21154785
2256.66113281,2226.24584961,2044.02062988,2089.78881836
2239.52197266,2189.71435547,2061.42431641,2230.20996094
2221.22851563,2172.31616211,2049.8737793,2341.40429688
2220.75268555,2189.24902344,2032.68432617,2432.28710938
2343.88061523,2240.66992188,2071.94140625,2502.41430664
2582.84692383,2304.59277344,2210.41845703,2528.68334961
2750.80126953,2336.55444336,2344.11791992,2475.65917969
2739.52539063,2317.06152344,2331.28613281,2344.37890625
2636.3137207,2286.84936523,2260.0144043,2264.00732422
2549.63623047,2294.56591797,2344.83056641,2388.30786133
2528.15063477,2331.10473633,2522.26953125,2593.3605957
2604.60229492,2356.96020508,2503.66577148,2548.66723633
2707.71582031,2352.2277832,2292.87890625,2257.20996094
2680.37670898,2317.32568359,2220.45483398,2132.76367188
2602.69091797,2303.19555664,2376.85961914,2330.65405273
2774.31860352,2402.61621094,2490.87353516,2503.1015625
3109.89916992,2572.94677734,2457.66455078,2449.54443359
3082.53808594,2594.13574219,2477.56201172,2416.34643555
2566.81445313,2389.25268555,2570.88964844,2492.15869141
2001.82080078,2155.65209961,2468.4675293,2362.9140625
1544.52246094,2010.95996094,2143.97973633,1994.57702637
1088.91247559,1883.62097168,1995.03918457,1897.24365234
1054.97570801,1848.45373535,2251.11328125,2296.49853516
1796.29064941,2043.07971191,2562.62060547,2649.95581055
2552.49047852,2253.63818359,2481.16479492,2446.97485352
2494.18896484,2188.44042969,2066.21508789,1933.2487793
2095.35009766,2013.69140625,1686.34265137,1597.31079102
2028.68273926,2020.74633789,1486.85888672,1492.56982422
1931.65209961,2092.4140625,1408.39208984,1475.95605469
1570.86083984,2036.04980469,1466.66162109,1577.41101074
1591.48266602,1983.49353027,1676.63830566,1809.24108887
2078.95581055,2045.92468262,1928.31494141,2061.96362305
2193.7800293,2080.07495117,2126.21484375,2285.40869141
1823.1751709,2034.22680664,2220.42626953,2400.00683594
1759.53063965,2040.93518066,2134.08666992,2248.84204102
2100.02758789,2105.30273438,1941.734375,1971.81091309
2176.24902344,2110.79272461,1894.85388184,1938.63244629
1916.34777832,2071.52880859,2005.76171875,2088.42431641
1861.95898438,2082.78735352,2014.11279297,2060.62744141
2100.296875,2140.13647461,1945.32299805,2013.05822754
2215.3815918,2178.80737305,2098.546875,2336.43725586
2073.50708008,2173.21875,2368.33691406,2679.41064453
1984.19750977,2133.68505859,2319.38012695,2421.08764648
2157.67114258,2090.87182617,2008.73339844,1898.02807617
2374.49023438,2080.08251953,1949.25158691,1922.88012695
2306.68115234,2104.66040039,2229.96557617,2382.72314453
2024.70043945,2143.609375,2445.73486328,2554.80444336
1912.42687988,2177.98071289,2470.09594727,2421.98681641
2059.46606445,2179.76025391,2544.23901367,2450.51464844
2124.97851563,2131.07006836,2653.30419922,2512.00390625
1958.75146484,2076.20068359,2529.57177734,2209.30761719
1892.05773926,2078.67236328,2230.28833008,1821.68945313
2102.16235352,2116.1574707,2091.15771484,1866.79663086
2195.42578125,2107.43530273,2175.11450195,2183.97924805
1906.2644043,2050.41625977,2284.89038086,2329.66870117
1687.46618652,2030.07458496,2380.0480957,2353.59741211
1958.01879883,2072.49804688,2508.04614258,2446.05249023
2283.48803711,2099.76538086,2512.7409668,2407.30102539
2060.10180664,2060.39013672,2263.72705078,2105.9296875
1527.71520996,2003.62207031,1981.27478027,1874.82348633
1337.26525879,1984.36169434,1946.33911133,1957.32458496
1544.27160645,1980.55908203,2107.02539063,2141.43066406
1735.2935791,1960.203125,2287.57739258,2255.31640625
1807.56555176,1966.9362793,2499.33569336,2398.359375
1974.77062988,2050.19946289,2728.21801758,2497.93408203
2160.91357422,2136.17724609,2726.34741211,2298.91162109
2011.36303711,2103.31079102,2365.84594727,1908.65197754
1612.49121094,1998.70300293,1947.60241699,1749.53942871
1578.11743164,1991.76037598,1839.20373535,1946.39306641
2062.35913086,2080.95336914,2008.64477539,2254.38525391
2363.35400391,2094.16015625,2175.76098633,2484.05981445
2031.10229492,2009.17980957,2222.0168457,2576.62939453
1580.63122559,1974.86645508,2204.8684082,2462.40673828
1536.34594727,2012.25,2149.15356445,2205.05395508
1683.19274902,2018.87280273,2054.07373047,2049.41235352
1776.87792969,2025.92822266,1987.97851563,2083.71289063
2008.85339355,2135.30273438,2038.34753418,2154.53540039
2355.10351563,2281.11279297,2235.53881836,2227.29394531
2388.23022461,2311.17724609,2506.10498047,2392.44580078
2031.41699219,2208.91943359,2637.86181641,2473.66333008
1774.70068359,2080.00805664,2471.91845703,2218.74316406
1956.71582031,2020.86083984,2196.33520508,1881.42797852
2309.3527832,2053.81787109,2138.42553711,1913.60046387
2369.13745117,2116.50219727,2252.4597168,2169.00170898
2089.26513672,2138.36303711,2257.65429688,2213.76074219
1819.76037598,2135.390625,2216.39282227,2196.35888672
1758.52941895,2144.05639648,2394.04980469,2492.75854492
1778.46166992,2130.53955078,2636.49536133,2810.77587891
1818.01831055,2086.64868164,2522.09594727,2605.43994141
1957.98901367,2090.4309082,2070.83569336,2046.28198242
2077.93530273,2156.01245117,1738.2923584,1723.1340332
1968.7265625,2180.14672852,1743.58618164,1743.02185059
1747.07580566,2118.01660156,1865.41589355,1810.12634277
1689.99182129,2053.68017578,1933.39697266,1884.01989746
1827.39257813,2062.16772461,2141.39892578,2187.12792969
2016.16247559,2128.49487305,2650.04150391,2678.84692383
2123.19042969,2191.56518555,3112.31054688,2926.72387695
2028.8885498,2195.86108398,3033.22412109,2645.56958008
1806.9197998,2143.66601563,2531.13867188,2145.73706055
1761.36816406,2102.81713867,2157.5456543,1897.18286133
1941.18737793,2106.61767578,1995.75036621,1830.73815918
1998.07189941,2108.57080078,1709.14428711,1640.83679199
1812.47021484,2092.66235352,1430.86291504,1524.38769531
1699.43554688,2109.65698242,1628.44018555,1813.30603027
1783.22741699,2154.36621094,2114.04296875,2193.77978516
1816.77563477,2155.15136719,2232.83081055,2191.39404297
1752.0645752,2117.84106445,1973.41357422,2013.01074219
1833.21826172,2125.25195313,1896.04382324,2071.82543945
2050.14819336,2182.05859375,2138.43164063,2266.10302734
2098.59985352,2206.82788086,2413.38598633,2432.48461914
1929.18127441,2177.00805664,2689.09594727,2755.46313477
1835.66296387,2155.52246094,3048.3359375,3169.484375
1958.01538086,2177.37451172,3242.38867188,3192.87573242
2095.82714844,2207.86767578,3047.21191406,2729.23242188
2068.77148438,2212.22192383,2673.22900391,2222.62817383
1958.70593262,2198.64428711,2403.765625,1912.68786621
1918.19763184,2190.34423828,2277.05834961,1730.82043457
1954.03198242,2196.12329102,2318.57470703,1786.03210449
1988.81677246,2210.67016602,2550.73413086,2138.88012695
2000.00866699,2223.36206055,2720.47436523,2375.58984375
2012.54748535,2227.11450195,2578.01708984,2162.90185547
2025.31030273,2223.77709961,2346.26611328,1845.02148438
2013.51831055,2217.88208008,2367.91479492,1859.61181641
1983.42211914,2212.04125977,2535.265625,2085.84326172
1978.18969727,2213.65087891,2639.00195313,2302.79833984
2016.15686035,2229.95654297,2870.70874023,2620.796875
2053.63134766,2250.16992188,3337.78198242,2976.68945313
2043.44226074,2253.72045898,3583.96386719,2958.79931641
2005.50695801,2240.86694336,3271.88427734,2543.00341797
1991.44555664,2231.79785156,2796.55786133,2227.40161133
2005.64501953,2234.98095703,2603.00732422,2196.65405273
2016.68493652,2240.83129883,2531.52172852,2176.6184082
2018.82666016,2243.88134766,2378.8671875,2150.45996094
2027.0255127,2247.54663086,2362.16772461,2310.62768555
2037.32763672,2250.4921875,2544.79907227,2435.18017578
2038.37597656,2247.77416992,2578.78466797,2237.80371094
2037.89550781,2241.06274414,2373.94604492,2027.00109863
2043.44580078,2233.43164063,2264.76293945,2158.03369141
2041.81408691,2221.29003906,2358.91870117,2365.20385742
2027.76855469,2204.40869141,2468.93847656,2404.87060547
2029.30566406,2194.90722656,2629.28344727,2587.42724609
2068.21020508,2201.79199219,2934.51049805,2978.46240234
2113.71923828,2214.69116211,3092.28857422,3010.56542969
2120.01342773,2217.26391602,2837.41796875,2495.94799805
2096.99609375,2208.54443359,2443.39379883,2041.05273438
2092.04052734,2198.31542969,2241.24438477,2007.5892334
2113.31323242,2191.03564453,2103.10595703,2039.00964355
2128.44775391,2185.1940918,1889.27954102,1901.21826172
2126.94628906,2179.28198242,1852.58508301,1869.02331543
2127.63012695,2172.17822266,2142.45092773,2073.10424805
2136.3737793,2165.32763672,2415.42797852,2205.37158203
2141.49609375,2163.36816406,2354.19384766,2051.49072266
2139.33276367,2166.08178711,2174.00097656,1848.17041016
2139.35717773,2167.92602539,2230.6628418,1920.68139648
2153.33837891,2169.90283203,2433.32373047,2171.17578125
2179.85107422,2178.26245117,2482.07080078,2224.79174805
2197.65551758,2190.56787109,2472.66918945,2100.04174805
2198.38842773,2199.55444336,2713.47900391,2235.63500977
2212.32763672,2206.81933594,3058.32592773,2643.96337891
2254.80981445,2215.68212891,3067.22045898,2739.67773438
2279.09960938,2219.64770508,2758.82568359,2327.94799805
2247.81445313,2214.11572266,2516.24316406,1921.16235352
2205.48828125,2208.1015625,2385.56787109,1802.11657715
2208.41601563,2211.79516602,2194.41479492,1735.65686035
2237.26855469,2222.79321289,2104.90722656,1733.19543457
2246.75830078,2230.65209961,2304.10742188,2046.52050781
2241.82495117,2227.53564453,2503.95556641,2422.63085938
2245.55371094,2215.37475586,2408.03466797,2378.6706543
2249.71240234,2206.53857422,2219.15405273,2041.71655273
2245.0300293,2211.23193359,2198.19848633,1883.42297363
2250.68164063,2224.10791016,2288.42895508,1991.20751953
2278.65966797,2231.8815918,2474.45751953,2225.80859375
2306.91552734,2229.98413086,2850.98999023,2566.76538086
2308.84179688,2222.47827148,3175.23925781,2843.93139648
2284.19921875,2213.08813477,3021.08837891,2711.5793457
2255.81738281,2205.80639648,2454.15161133,2207.67016602
2250.82592773,2206.25708008,1986.30407715,1807.67736816
2275.34082031,2214.02563477,1877.44543457,1756.44665527
2301.01806641,2220.42480469,1951.80859375,1841.60620117
2298.64013672,2219.78955078,2034.3918457,1902.99377441
2281.21484375,2216.77441406,2139.59838867,2051.05639648
2280.03271484,2218.40039063,2233.17089844,2271.83837891
2292.04956055,2224.97070313,2166.45019531,2317.80151367
2294.36816406,2231.52148438,1940.23400879,2154.0546875
2290.79833984,2232.53173828,1772.85241699,2047.44213867
2298.22167969,2225.15209961,1780.77404785,2076.2512207
2307.66699219,2213.08251953,1815.99414063,2040.10351563
2299.21533203,2203.47363281,1746.14038086,1929.44226074
2279.69458008,2196.27905273,1667.86633301,1957.59460449
2275.1706543,2185.76342773,1723.23535156,2128.6262207
2290.74121094,2173.78662109,1901.38305664,2264.52270508
2299.15869141,2167.21289063,2080.38964844,2327.28710938
2280.86816406,2163.89819336,2122.56713867,2316.24291992
2259.16162109,2158.65014648,1977.9675293,2146.65795898
2265.38964844,2156.9074707,1784.74145508,1912.60009766
2283.63989258,2163.8996582,1720.0904541,1849.80358887
2276.96484375,2171.06616211,1743.80981445,1929.24060059
2253.97485352,2170.25341797,1730.29919434,1982.68566895
2250.64306641,2165.77612305,1761.49389648,2111.52661133
2261.23217773,2159.94897461,1941.07983398,2393.37792969
2252.2902832,2148.13647461,2071.01635742,2490.18920898
2230.96069336,2136.21533203,1932.40600586,2176.11157227
2233.61645508,2137.66577148,1707.80871582,1833.03393555
2257.76928711,2149.72949219,1694.73217773,1833.84118652
2267.70141602,2157.70605469,1828.90625,1969.91748047
2260.08496094,2159.79394531,1915.38134766,2001.45031738
2264.4597168,2162.99682617,2035.25415039,2113.671875
2282.17236328,2163.8034668,2284.79907227,2360.58984375
2283.52099609,2157.54321289,2430.42211914,2373.546875
2265.93164063,2154.69775391,2242.02856445,2029.53613281
2257.48168945,2164.95092773,1872.85510254,1717.37109375
2262.35766602,2177.68725586,1600.24523926,1675.02966309
2259.34912109,2178.37768555,1506.7734375,1739.86279297
2250.42602539,2171.87011719,1596.52990723,1854.77392578
2255.02783203,2170.83081055,1851.34484863,2120.31103516
2265.10351563,2171.86230469,2074.64013672,2353.07250977
2258.63354492,2162.61206055,2062.44897461,2281.11889648
2244.65014648,2146.33129883,1927.5390625,2073.08520508
2246.52368164,2138.90063477,1890.69506836,2038.4901123
2256.46801758,2142.8449707,1901.85351563,2064.04956055
2251.5,2145.36889648,1866.36962891,1981.17565918
2238.98022461,2143.47583008,1973.77258301,2062.98925781
2243.32788086,2147.68505859,2335.17993164,2453.64770508
2259.33764648,2156.75634766,2610.05297852,2641.69824219
2260.35083008,2154.05224609,2475.81298828,2256.27490234
2246.6965332,2136.91845703,2134.0612793,1784.49743652
2245.34375,2125.34057617,1919.43896484,1763.76391602
2260.33300781,2130.35742188,1801.65112305,1946.97558594
2262.88208008,2135.66601563,1670.86474609,1950.52294922
2240.48193359,2125.1015625,1688.26123047,1974.78515625
2220.54321289,2109.82275391,1979.10876465,2247.10351563
2226.81542969,2108.49438477,2320.88354492,2454.48754883
2240.49145508,2114.53344727,2398.43481445,2262.19824219
2232.38037109,2109.21166992,2159.06005859,1867.11352539
2215.03125,2098.57250977,1827.01123047,1682.44213867
2223.17480469,2104.14282227,1663.59936523,1794.46166992
2248.50268555,2120.20019531,1695.48181152,1950.66906738
2246.41430664,2120.05615234,1748.85449219,2008.54931641
2214.62792969,2106.11914063,1808.81970215,2196.11376953
2201.57495117,2108.28808594,2037.99230957,2669.96899414
2221.5168457,2128.64941406,2330.93237305,3015.2265625
2235.02270508,2138.02661133,2337.63085938,2753.19580078
2230.6628418,2132.296875,2050.17211914,2150.69970703
2243.47509766,2138.61279297,1812.53308105,1812.47900391
2276.5222168,2161.20776367,1735.63696289,1769.67602539
2288.26464844,2174.73535156,1694.12475586,1740.35266113
2268.76977539,2173.62841797,1762.53125,1825.7388916
2252.40869141,2176.97509766,2047.09838867,2146.33862305
2254.71582031,2186.70776367,2325.44042969,2339.890625
2260.64013672,2187.80541992,2365.03100586,2138.36425781
2263.93994141,2182.28540039,2273.91235352,1869.22045898
2267.63134766,2182.35180664,2215.87866211,1883.80957031
2265.35986328,2184.17114258,2219.85668945,2110.34619141
2257.66040039,2181.43286133,2405.03857422,2439.78149414
2259.0769043,2182.12646484,2843.28417969,2861.89379883
2267.42675781,2186.37988281,3189.04760742,3107.28442383
2261.86083984,2179.1027832,3036.39453125,2860.37182617
2244.48803711,2162.6862793,2553.4987793,2327.00488281
2240.40771484,2158.38525391,2198.74951172,1956.6953125
2249.07470703,2165.91357422,2035.73730469,1781.8470459
2246.36376953,2165.83374023,1907.56762695,1641.49304199
2237.10473633,2161.38061523,1941.82580566,1693.90942383
2247.66674805,2169.58105469,2236.7878418,2037.32849121
2267.75976563,2180.20654297,2422.62255859,2265.23828125
2261.19042969,2172.26806641,2191.50927734,2069.54077148
2231.29614258,2155.92236328,1878.86804199,1798.1541748
2217.27783203,2154.80761719,1924.18566895,1840.17456055
2230.16674805,2166.10498047,2208.70996094,2049.37573242
2242.98461914,2171.82592773,2456.54541016,2243.17651367
2240.41308594,2169.38891602,2732.94775391,2556.63623047
2236.72338867,2167.68066406,3045.45776367,2912.63427734
2242.78076172,2169.56542969,3073.54345703,2911.24316406
2247.06884766,2171.37792969,2744.0078125,2525.69921875
2239.078125,2169.22363281,2445.71191406,2166.83666992
2227.4309082,2160.86132813,2365.98144531,1987.24707031
2219.99438477,2146.10668945,2286.42285156,1856.27856445
2209.05810547,2127.41552734,2176.46533203,1862.71166992
2192.86450195,2110.76513672,2234.42822266,2082.50097656
2185.81420898,2103.83349609,2320.44726563,2174.90161133
2194.06274414,2109.27172852,2135.93481445,1926.4185791
2208.2265625,2121.06787109,1871.1484375,1721.61022949
2220.33520508,2128.85302734,1916.80834961,1872.40722656
2221.0300293,2124.78295898,2170.77490234,2118.65722656
2200.02270508,2111.33422852,2338.38256836,2261.47753906
2174.05371094,2103.13500977,2526.25439453,2504.29101563
2175.85668945,2110.81665039,2858.99536133,2808.34716797
2200.43164063,2126.71630859,2993.19189453,2761.42480469
2214.96606445,2139.94897461,2647.70019531,2340.44311523
2219.51025391,2152.6953125,2143.63720703,2011.23742676
2234.01000977,2165.66479492,1917.62866211,1966.96850586
2244.21289063,2168.50854492,1939.71228027,1960.68737793
2227.94262695,2159.34692383,1961.93933105,1870.78076172
2205.3034668,2149.21337891,1943.30932617,1855.51342773
2203.03417969,2141.20385742,1965.09423828,2001.9317627
2207.36254883,2132.04614258,2008.14697266,2221.06738281
2200.05957031,2129.00683594,2007.28942871,2426.31323242
2196.74609375,2137.86132813,1987.45629883,2570.06665039
2209.96850586,2147.00610352,2016.91467285,2563.51342773
2217.97119141,2144.87036133,2060.29003906,2339.1027832
2202.73828125,2134.85620117,1984.76416016,1992.50708008
2181.125,2122.80249023,1759.78393555,1736.32507324
2174.94799805,2112.94213867,1575.13452148,1703.37658691
2183.98901367,2115.79321289,1674.39904785,1893.85217285
2201.65771484,2134.1574707,2072.41992188,2220.94897461
2223.37915039,2149.65014648,2481.04858398,2456.03393555
2233.39208984,2146.53808594,2581.04418945,2352.35449219
2216.7956543,2133.48339844,2382.60229492,2027.90771484
2185.671875,2123.484375,2171.7109375,1883.2947998
2165.42211914,2115.03198242,2060.90795898,1971.32409668
2163.80004883,2108.38964844,1888.91540527,1949.55407715
2175.02050781,2114.08569336,1654.09619141,1753.87585449
2194.30029297,2131.28881836,1609.01025391,1679.26184082
2210.35083008,2142.54858398,1791.0423584,1791.7154541
2208.97485352,2140.02490234,1969.52575684,1949.94628906
2195.10327148,2134.11279297,2144.23754883,2253.55932617
2185.71240234,2130.39306641,2503.57910156,2759.64379883
2181.95605469,2120.71875,2859.37597656,3043.11401367
2174.14233398,2102.45996094,2772.73022461,2718.07568359
2163.92041016,2087.10742188,2261.01025391,2062.43066406
2158.00073242,2084.51953125,1805.97436523,1613.64599609
2154.16772461,2091.81567383,1699.43127441,1539.53649902
2149.93115234,2100.24487305,1829.09960938,1720.81604004
2149.76391602,2105.15991211,1992.4375,1999.9967041
2155.26049805,2109.06225586,2077.69873047,2164.92480469
2161.33911133,2116.80200195,2044.76269531,2077.02416992
2164.76000977,2127.01147461,1916.48071289,1861.95324707
2167.87011719,2133.73706055,1745.64892578,1737.77294922
2173.64111328,2137.97436523,1609.79321289,1780.22167969
2179.71020508,2145.15039063,1633.70983887,1954.80444336
2179.78662109,2150.60595703,1843.9954834,2156.58837891
2174.82104492,2146.05712891,2064.37231445,2251.88671875
2175.77758789,2138.78320313,2176.13549805,2273.36132813
2186.29833984,2141.89331055,2291.1574707,2362.25537109
2194.33398438,2150.45532227,2433.92724609,2420.57641602
2191.40869141,2150.99633789,2389.18896484,2226.60986328
2184.19140625,2145.8059082,2108.56274414,1902.58227539
2179.02539063,2145.34545898,1857.76416016,1753.61560059
2174.54858398,2148.8125,1779.48901367,1762.57250977
2173.37597656,2150.60644531,1766.91015625,1788.44299316
2180.40063477,2151.38647461,1826.95324707,1965.88549805
2189.63256836,2150.55200195,2037.56750488,2331.93041992
2190.21435547,2143.88671875,2182.19213867,2490.31860352
2182.19995117,2134.9855957,2000.01257324,2224.578125
2175.43676758,2133.54833984,1686.7947998,1946.55895996
2177.67602539,2140.56030273,1598.09887695,2030.93200684
2186.9387207,2147.81103516,1688.74414063,2263.70849609
2192.22753906,2150.09130859,1768.69287109,2368.69677734
2186.60302734,2147.71679688,1937.87268066,2454.62988281
2178.56274414,2140.84985352,2239.82641602,2570.29272461
2178.36767578,2130.61254883,2347.44506836,2468.12841797
2180.81176758,2123.7487793,2087.55273438,2135.60473633
2179.61352539,2128.14160156,1780.11657715,1931.05981445
2183.09033203,2142.4699707,1691.81884766,1976.70043945
2193.88012695,2156.73681641,1716.50341797,2050.34985352
2197.734375,2166.34399414,1810.61108398,2131.41455078
2193.86791992,2177.68481445,2096.453125,2352.15771484
2201.59448242,2192.91845703,2418.01196289,2494.15649414
2217.921875,2200.21069336,2444.90185547,2287.09033203
2213.30810547,2191.62695313,2234.73706055,1999.6854248
2185.5402832,2178.87988281,2124.45629883,2012.23425293
2167.93676758,2175.8125,2187.89941406,2173.765625
2174.24414063,2178.46801758,2292.11791992,2237.71630859
2185.72412109,2178.10571289,2453.18994141,2385.98950195
2192.25585938,2176.75952148,2692.64575195,2707.73803711
2197.34985352,2174.57568359,2789.93969727,2789.41894531
2193.16503906,2163.07324219,2549.59423828,2378.26977539
2174.22949219,2145.32226563,2133.50610352,1865.83154297
2158.05981445,2139.22924805,1878.14807129,1693.39306641
2160.62792969,2150.29052734,1907.50231934,1797.66125488
2175.2175293,2165.44702148,2084.18505859,1935.95654297
2190.49145508,2177.2421875,2264.51049805,2114.16821289
2200.65771484,2188.19213867,2454.30493164,2436.81884766
2199.05444336,2194.66699219,2665.00390625,2792.52563477
2191.2421875,2193.109375,2732.76782227,2884.42749023
2198.36181641,2194.60327148,2486.37036133,2557.81665039
2221.5065918,2208.74316406,2083.4140625,2060.14111328
2231.86474609,2223.59838867,1893.9140625,1833.99267578
2217.66259766,2223.28417969,1987.7298584,1964.38183594
2203.01611328,2213.69506836,2085.07666016,2109.86816406
2203.01147461,2210.47924805,2101.77050781,2132.60009766
2202.03198242,2211.34155273,2278.3828125,2302.92675781
2191.04541016,2201.91235352,2610.15185547,2610.27001953
2184.75073242,2184.49169922,2703.38793945,2558.04956055
2188.41235352,2176.96191406,2439.85595703,2048.21362305
2185.82275391,2181.84423828,2202.50219727,1686.18713379
2173.35717773,2183.64916992,2195.48022461,1776.96533203
2172.02392578,2181.80102539,2168.6262207,1887.05334473
2190.72509766,2192.44433594,2036.15539551,1781.25744629
2206.30249023,2209.46264648,2080.17822266,1829.88891602
2198.03442383,2204.76586914,2333.11914063,2150.01928711
2179.01977539,2178.22436523,2451.72583008,2318.94067383
2172.93798828,2161.65991211,2360.41992188,2199.63696289
2178.65356445,2164.26245117,2348.75878906,2140.74487305
2181.00708008,2164.01708984,2466.75537109,2242.92089844
2180.10913086,2156.72143555,2481.15454102,2270.7956543
2183.22680664,2158.68164063,2407.29980469,2249.4921875
2180.94042969,2162.42456055,2449.30297852,2358.88623047
2160.48120117,2145.95458984,2511.7902832,2417.22387695
2133.93457031,2119.41040039,2363.27734375,2195.8828125
2125.06079102,2110.15869141,2116.50854492,1937.58093262
2134.46264648,2115.13598633,2021.27819824,1920.98498535
2143.47070313,2114.40551758,2022.68005371,1962.62426758
2145.77636719,2111.15527344,1974.40466309,1904.55737305
2150.00341797,2117.54394531,1974.47680664,1992.94763184
2155.88525391,2124.60864258,2101.17700195,2281.83935547
2151.73168945,2118.70507813,2170.49462891,2373.89794922
2135.95849609,2105.35498047,2081.10375977,2173.08886719
2123.2109375,2095.75268555,2033.67883301,2116.41674805
2124.03515625,2089.87866211,2156.56738281,2337.64501953
2129.84399414,2084.45922852,2292.18847656,2433.75878906
2127.55493164,2082.18823242,2336.6809082,2285.37329102
2122.08813477,2087.4284668,2393.08227539,2242.51220703
2128.39916992,2099.17285156,2452.77563477,2352.18701172
2143.32519531,2108.71337891,2341.35595703,2258.58618164
2146.45776367,2106.66894531,2088.91186523,1942.76733398
2132.62304688,2095.66748047,1944.98730469,1773.6151123
2120.96777344,2088.24023438,1962.56616211,1838.0814209
2123.96166992,2089.15722656,1958.23901367,1894.4909668
2130.51708984,2092.46923828,1891.24108887,1885.19287109
2131.55151367,2096.99755859,1914.33642578,1953.65429688
2137.66772461,2107.16870117,2068.61962891,2092.52880859
2153.28857422,2117.77661133,2222.56640625,2145.78295898
2157.75610352,2117.93896484,2286.16796875,2060.66796875
2137.52685547,2111.14428711,2309.42724609,1974.35876465
2114.9543457,2111.19140625,2385.3034668,2048.78442383
2116.03515625,2118.64306641,2493.03295898,2189.64160156
2130.9453125,2122.57006836,2477.00097656,2099.78759766
2136.29541016,2123.34960938,2296.01660156,1791.37463379
2133.99609375,2130.39428711,2172.98583984,1673.71960449
2138.47583008,2141.26000977,2260.31494141,1881.95593262
2146.69921875,2147.125,2383.359375,2082.02514648
2147.83056641,2151.90795898,2422.56494141,2163.00415039
2145.9831543,2162.47045898,2581.90087891,2377.35351563
2151.97631836,2170.94458008,2908.06176758,2634.94213867
2162.63061523,2168.08837891,3020.92211914,2516.48242188
2164.37841797,2160.25415039,2728.54858398,2089.01855469
2155.29125977,2157.26977539,2394.56958008,1857.41040039
2149.58959961,2158.65185547,2329.89135742,1906.8737793
2154.52416992,2159.91699219,2366.74462891,1898.60473633
2158.75317383,2158.58154297,2336.77856445,1806.85876465
2155.17504883,2152.95483398,2384.52758789,1877.85522461
2154.06762695,2143.98095703,2534.98242188,2012.55041504
2160.22949219,2134.78710938,2533.23486328,1927.81604004
2163.5769043,2128.109375,2347.82885742,1752.14123535
2161.69189453,2129.14111328,2284.01977539,1803.99499512
2162.43212891,2142.09912109,2438.11425781,2020.72961426
2165.21582031,2160.54882813,2577.43432617,2188.66210938
2168.43676758,2174.84301758,2638.69458008,2387.10009766
2180.55444336,2185.63964844,2784.84155273,2657.14257813
2198.70678711,2194.69995117,2939.1328125,2682.01147461
2203.95117188,2195.50366211,2827.96069336,2317.76879883
2195.24926758,2187.87670898,2480.57373047,1940.40161133
2190.83178711,2181.86328125,2176.25390625,1840.60583496
2189.87133789,2178.02563477,1989.59606934,1845.27600098
2178.51464844,2168.95483398,1851.00244141,1845.50622559
2169.16772461,2160.66503906,1852.94543457,2020.22216797
2181.83984375,2163.86962891,2041.68566895,2285.15600586
2197.75317383,2170.55541992,2165.99243164,2252.07397461
2185.5925293,2167.19628906,2037.20910645,1942.84680176
2159.19335938,2160.11547852,1844.44372559,1822.39685059
2155.85131836,2163.70605469,1816.17150879,2010.77075195
2174.22485352,2176.53149414,1924.5423584,2192.4765625
2185.87548828,2187.63696289,2114.65600586,2310.95166016
2189.27392578,2193.56933594,2401.25732422,2573.63525391
2199.95141602,2195.22827148,2615.42504883,2811.84399414
2206.90649414,2189.13085938,2504.66772461,2628.58081055
2190.61669922,2173.47680664,2154.99853516,2139.18969727
2165.78295898,2156.42871094,1907.75756836,1851.81555176
2160.33886719,2149.94702148,1870.85754395,1883.81481934
2171.57836914,2157.00170898,1872.20751953,1912.50549316
2180.18505859,2169.2175293,1818.68859863,1812.52270508
2184.98754883,2177.4074707,1782.69958496,1805.07006836
2193.5793457,2180.75976563,1809.10717773,1998.10791016
2200.47949219,2182.88598633,1857.50952148,2181.07324219
2197.22436523,2183.24804688,1876.84265137,2148.12011719
2187.02294922,2178.91748047,1852.50170898,1999.26489258
2177.37646484,2171.62036133,1837.38110352,1978.78759766
2171.88916016,2166.20996094,1889.7154541,2087.47290039
2173.69433594,2164.94775391,1934.62487793,2077.96899414
2185.32495117,2167.87475586,1873.92419434,1916.45166016
2201.50097656,2173.75805664,1853.17614746,1929.80041504
2208.71972656,2177.61938477,2062.57202148,2218.28344727
2198.21166992,2174.93164063,2271.69165039,2323.32446289
2178.75439453,2169.93261719,2109.90771484,1983.03039551
2167.99047852,2169.78955078,1804.29174805,1763.32226563
2169.09326172,2170.98193359,1907.94030762,2199.29589844
2169.09936523,2164.73608398,2301.64013672,2778.0690918
2161.95214844,2153.23632813,2351.69433594,2703.25927734
2154.54785156,2144.11132813,2045.59362793,2200.00146484
2149.67016602,2135.1184082,1965.50354004,2010.47888184
2145.20922852,2123.93237305,2162.80102539,2088.46166992
2147.53857422,2122.16162109,2147.23925781,1943.37744141
2162.10205078,2136.27929688,1953.40539551,1787.20495605
2177.3449707,2149.7565918,2087.63305664,2123.98779297
2179.97192383,2149.11376953,2448.25366211,2611.56494141
2175.9140625,2147.671875,2410.27758789,2511.29199219
2178.13574219,2158.59545898,1958.81835938,1959.32580566
2186.16235352,2169.47729492,1701.10168457,1721.91516113
2190.76757813,2168.02709961,1803.75073242,1932.47692871
2187.10327148,2165.22094727,1880.30688477,2056.48388672
2176.05932617,2170.23486328,1839.70788574,1934.54125977
2162.74243164,2170.87817383,1941.49353027,1918.79199219
2156.34399414,2159.96459961,2132.2824707,2063.11254883
2163.11108398,2153.18066406,2151.96191406,2068.72802734
2176.98364258,2159.97143555,2114.62329102,1976.89550781
2182.85644531,2163.32177734,2255.04199219,2082.72265625
2174.28759766,2151.10791016,2400.07763672,2283.89941406
2165.13476563,2142.63012695,2345.94750977,2305.5690918
2173.71557617,2157.50097656,2317.28393555,2299.32324219
2196.26513672,2180.49951172,2453.17114258,2450.02954102
2212.05126953,2187.28173828,2416.26586914,2449.10302734
2214.59301758,2184.28417969,2062.10449219,2102.60424805
2214.74926758,2190.22924805,1819.76867676,1838.0612793
2213.60229492,2198.24145508,1936.07446289,1954.63928223
2203.21679688,2191.98266602,2079.88427734,2122.06542969
2193.32739258,2180.49755859,2058.33642578,2114.11328125
2200.4621582,2181.38134766,2151.40600586,2196.50219727
2212.4465332,2187.17016602,2458.18945313,2451.21948242
2203.42480469,2181.30981445,2633.33520508,2528.76831055
2180.00268555,2170.02416992,2480.24023438,2277.22143555
2172.09741211,2169.41113281,2241.61035156,1990.03967285
2184.35742188,2177.0715332,2174.3659668,1940.27050781
2194.41479492,2179.70678711,2208.24316406,2041.70129395
2190.92114258,2174.40283203,2134.22558594,2039.5546875
2181.80273438,2166.61962891,1987.50463867,1949.51489258
2174.58398438,2160.11816406,2072.12524414,2123.16015625
2170.44262695,2156.58300781,2470.17211914,2634.65063477
2168.69677734,2154.01245117,2761.50292969,2943.49194336
2168.24633789,2146.6484375,2596.47265625,2683.17382813
2171.02612305,2136.17553711,2242.00610352,2283.25439453
2179.32714844,2133.95117188,2071.95898438,2170.12255859
2187.50048828,2144.02148438,1953.18469238,2076.03686523
2191.22875977,2157.81787109,1708.11315918,1822.09228516
2199.99243164,2170.37182617,1620.8762207,1841.06689453
2218.97460938,2184.55004883,1860.2578125,2240.68432617
2231.18969727,2197.26391602,2017.91064453,2401.21972656
2221.66870117,2199.53540039,1801.7545166,2078.04614258
2203.16088867,2192.06787109,1550.95959473,1824.68786621
2196.32299805,2186.77587891,1603.99121094,1956.64831543
2201.921875,2191.82055664,1819.33374023,2177.27270508
2210.34130859,2203.89868164,2034.87646484,2368.92211914
2221.42114258,2215.31030273,2314.08813477,2693.52514648
2237.30908203,2223.14990234,2550.26318359,2942.26953125
2248.17944336,2229.7121582,2492.67333984,2755.01098633
2243.12231445,2234.88549805,2224.94677734,2315.22851563
2228.02416992,2232.19213867,2029.16882324,2036.52722168
2216.2578125,2217.61938477,1905.53771973,1919.7331543
2210.40869141,2199.89550781,1772.93701172,1857.82324219
2209.57495117,2192.99169922,1825.41052246,2019.59643555
2219.07250977,2198.54150391,2143.47314453,2378.5949707
2235.28149414,2206.05932617,2384.20336914,2518.53295898
2242.49267578,2210.27294922,2343.2722168,2330.46337891
2237.6484375,2214.2121582,2292.84716797,2197.63427734
2231.40576172,2215.16723633,2385.69628906,2261.42114258
2224.06860352,2206.40625,2385.94360352,2287.02563477
2212.63183594,2194.19287109,2287.46337891,2310.8515625
2208.37939453,2191.72045898,2434.76611328,2566.08056641
2215.07788086,2196.44335938,2779.03369141,2819.34643555
2215.5703125,2196.8137207,2809.48803711,2632.59814453
2204.46582031,2195.86816406,2415.61889648,2148.30981445
2198.27856445,2201.69067383,2045.00927734,1855.4074707
2201.81079102,2205.89648438,1915.85461426,1828.3560791
2204.41821289,2199.42822266,1833.45263672,1851.88391113
2206.11499023,2192.69165039,1779.81140137,1929.21777344
2210.38256836,2193.98046875,1924.39624023,2095.33618164
2207.3371582,2191.23413086,2103.3137207,2137.48217773
2191.66723633,2178.1027832,1995.87854004,1950.75195313
2174.0246582,2169.76464844,1724.12768555,1776.2010498
2162.80737305,2173.77758789,1672.5333252,1818.93469238
2160.18481445,2175.42358398,1890.49523926,2022.39123535
2169.93554688,2165.98608398,2182.85009766,2305.89379883
2184.36376953,2155.91235352,2503.15527344,2604.26293945
2183.3840332,2151.35083008,2798.28662109,2707.82202148
2165.44921875,2145.15795898,2826.92016602,2492.46435547
2151.17138672,2135.65234375,2533.61816406,2187.95068359
2149.56420898,2131.61962891,2215.81982422,2031.21411133
2154.7734375,2137.44848633,2056.40185547,1910.57092285
2169.48144531,2148.44189453,1942.06677246,1738.30297852
2193.65136719,2157.83349609,1864.87719727,1770.58935547
2205.38745117,2159.95581055,1961.75927734,2109.48413086
2189.18041992,2153.81274414,2113.23706055,2358.40087891
2164.46484375,2148.02807617,2055.15161133,2239.46069336
2158.06005859,2152.21875,1859.04174805,2053.86132813
2169.58325195,2161.90014648,1812.89208984,2114.39746094
2183.92578125,2165.00317383,1956.24584961,2277.83544922
2195.60083008,2163.22363281,2156.91699219,2413.15185547
2205.12792969,2168.77587891,2426.18823242,2720.51782227
2208.78735352,2178.56152344,2758.42211914,3187.99169922
2204.03710938,2175.34228516,2893.06860352,3314.43798828
2196.03759766,2160.16333008,2612.97851563,2806.80297852
2192.14331055,2155.47436523,2104.91796875,2086.58447266
2193.46313477,2165.96386719,1721.69433594,1698.02392578
2195.08789063,2168.01147461,1547.86169434,1617.79724121
2193.46630859,2152.37329102,1483.13122559,1571.9699707
2189.90087891,2142.57714844,1573.07897949,1642.73034668
2186.19433594,2152.08032227,1882.75805664,2001.46569824
2181.86767578,2159.40722656,2178.24633789,2348.09179688
2177.18725586,2148.90161133,2181.17114258,2288.03710938
2174.70825195,2140.79296875,2038.21508789,2039.33105469
2177.61791992,2154.22924805,2069.23779297,2058.95092773
2186.92944336,2171.6003418,2220.9453125,2240.63720703
2195.63549805,2167.13916016,2289.72338867,2247.56323242
2189.78051758,2146.57202148,2403.44189453,2259.45849609
2166.94335938,2133.74243164,2694.33105469,2541.87939453
2146.97070313,2136.21484375,2851.34326172,2729.53466797
2148.3190918,2144.34741211,2587.78491211,2402.72583008
2163.19604492,2151.70263672,2152.0793457,1878.71777344
2173.77880859,2160.48535156,1890.50366211,1668.43823242
2178.58056641,2171.98828125,1781.83618164,1716.90930176
2182.43579102,2180.21435547,1752.61682129,1786.45861816
2178.21191406,2176.68652344,1897.99169922,1942.25769043
2161.93701172,2163.25830078,2152.00805664,2199.8269043
2149.39282227,2155.32104492,2274.48950195,2327.17651367
2155.22949219,2161.95239258,2254.60986328,2267.61450195
2170.26416016,2169.88330078,2265.38818359,2217.21069336
2177.33691406,2164.45214844,2308.00854492,2234.84057617
2174.92578125,2156.34570313,2306.31225586,2211.49682617
2171.13769531,2162.90966797,2342.1652832,2122.46020508
2168.35693359,2174.6237793,2457.90136719,2013.81774902
2164.46850586,2170.49609375,2486.43847656,1904.41821289
2159.39746094,2155.33886719,2337.62792969,1842.68566895
2155.84619141,2149.88232422,2191.30249023,1898.72729492
2158.30444336,2155.26660156,2205.02709961,2052.12988281
2167.70288086,2157.21240234,2266.39648438,2177.52954102
2175.84790039,2153.47192383,2233.05444336,2182.88769531
2175.23486328,2151.41308594,2225.33813477,2170.50732422
2171.72412109,2150.26416016,2410.14599609,2315.22387695
2173.11279297,2145.41235352,2607.32226563,2485.1940918
2172.82958984,2139.25830078,2480.04711914,2329.91992188
2162.50537109,2135.73632813,2089.14306641,1907.94885254
2149.29785156,2134.66308594,1821.2598877,1675.10632324
2143.59545898,2136.39404297,1786.76318359,1721.92248535
2143.36010742,2141.14404297,1802.45849609,1763.20532227
2142.99926758,2143.44506836,1900.87341309,1862.23474121
2141.84301758,2137.83984375,2241.14770508,2242.63500977
2138.08251953,2127.45043945,2596.93359375,2557.24291992
2130.3527832,2117.90039063,2571.30493164,2339.96777344
2124.31762695,2108.86254883,2230.03540039,1869.98876953
2124.87255859,2100.43237305,1963.01843262,1680.39416504
2129.49047852,2099.09130859,1886.89282227,1703.28881836
2136.06933594,2107.64672852,1875.75524902,1674.35400391
2143.59008789,2118.12329102,1940.11352539,1746.82177734
2145.3972168,2122.80151367,2124.49536133,2059.33813477
2139.74682617,2123.42993164,2270.59545898,2337.78881836
2139.80078125,2125.35522461,2235.49536133,2366.99316406
2154.57543945,2132.52709961,2113.31347656,2273.73852539
2173.18066406,2147.28637695,2034.0291748,2161.49780273
2182.93041992,2163.80859375,2013.06005859,2014.61694336
2183.74633789,2168.30371094,2082.8347168,1949.64855957
2175.56713867,2157.39355469,2257.86157227,2069.83081055
2156.61621094,2144.74243164,2376.8605957,2211.81323242
2138.30664063,2139.56542969,2302.90161133,2221.11865234
2135.0390625,2135.69384766,2171.26879883,2207.69775391
2140.75463867,2130.27099609,2129.05493164,2227.41381836
2141.47509766,2131.89648438,2077.48999023,2116.20068359
2142.10571289,2141.59814453,1992.57714844,1924.25097656
2153.3425293,2146.41796875,2106.53393555,1996.42675781
2164.13598633,2139.62695313,2411.42553711,2316.72753906
2155.86254883,2129.76318359,2488.30712891,2394.06640625
2133.50317383,2123.73339844,2204.93237305,2114.65112305
2116.85522461,2116.55786133,1979.95935059,1954.51293945
2110.96362305,2105.17602539,2019.70068359,2054.10791016
2109.25610352,2099.69555664,2035.43151855,2020.84362793
2114.09399414,2109.32666016,2002.45288086,1899.74230957
2128.80639648,2124.62060547,2302.66503906,2204.65112305
2140.80151367,2128.140625,2845.77636719,2784.06494141
2136.22583008,2118.68310547,3004.1875,2886.92114258
2119.8581543,2109.08056641,2634.80908203,2435.01049805
2105.11425781,2105.2578125,2256.98095703,2038.41931152
2100.34838867,2105.66699219,2138.49755859,1895.36779785
2109.71435547,2113.32397461,2046.46289063,1756.36743164
2127.078125,2128.38842773,1874.79553223,1633.48266602
2136.18579102,2139.31567383,1807.26220703,1693.72924805
2136.23461914,2139.32592773,1911.94616699,1874.19189453
2143.93237305,2137.54101563,2039.31542969,2056.64501953
2155.13745117,2140.71118164,2073.23632813,2193.15722656
2146.04321289,2142.7175293,2091.58422852,2246.18139648
2123.58447266,2140.6081543,2274.3347168,2335.68432617
2120.61132813,2139.78491211,2593.47460938,2570.10009766
2135.94848633,2139.5402832,2701.27416992,2624.35571289
2138.48095703,2134.23950195,2396.00463867,2179.88671875
2126.39501953,2127.57470703,1994.6496582,1647.22875977
2122.48999023,2127.19238281,1869.05981445,1600.65734863
2124.22973633,2130.99731445,1921.8470459,1860.24621582
2115.51928711,2133.84326172,1928.36743164,1970.83666992
2108.90429688,2138.31298828,1993.46582031,2015.34924316
2124.97705078,2146.70483398,2233.96704102,2196.47119141
2150.53198242,2153.23168945,2414.85131836,2280.0793457
2159.07373047,2153.28417969,2319.57617188,2078.01367188
2151.62451172,2149.90112305,2133.70800781,1865.89147949
2145.375,2146.4440918,2112.34863281,1898.87231445
2144.96655273,2144.23925781,2182.38574219,2040.34729004
2148.6887207,2147.9387207,2180.28564453,2110.85668945
2158.04321289,2159.70458984,2181.26367188,2154.29199219
2164.77368164,2169.8190918,2281.89892578,2215.49536133
2155.25292969,2167.33251953,2338.37988281,2220.99829102
2136.29760742,2156.27124023,2230.15258789,2171.41674805
2128.56274414,2148.04858398,2108.03881836,2165.52587891
2134.10595703,2144.48779297,2111.69287109,2208.26831055
2138.98095703,2140.73071289,2153.93188477,2244.77539063
2140.3581543,2136.75244141,2191.03051758,2322.92675781
2143.1081543,2134.70800781,2318.04150391,2451.53393555
2141.93554688,2131.81298828,2445.90625,2437.02978516
2131.52490234,2125.03125,2340.05883789,2172.53662109
2120.76098633,2118.68652344,2070.52026367,1894.1817627
2119.21826172,2120.15307617,1942.02770996,1836.49804688
2122.9777832,2129.02197266,1988.80664063,1904.47937012
2124.68359375,2137.04248047,2036.34143066,1978.62304688
2126.35229492,2139.92285156,2122.41650391,2160.25756836
2134.96459961,2141.58007813,2325.0925293,2419.50097656
2150.30371094,2144.71899414,2414.72070313,2467.27807617
2162.0168457,2147.12060547,2211.01098633,2257.78588867
2161.29248047,2148.86010742,1972.52709961,2118.60253906
2152.30297852,2151.90258789,1967.93518066,2189.53271484
2144.95385742,2153.60229492,2069.49072266,2276.32421875
2140.49438477,2151.3671875,2140.66723633,2340.04394531
2133.76025391,2147.61621094,2303.09399414,2517.92553711
2123.84887695,2141.90454102,2514.59399414,2652.90039063
2114.1394043,2131.02636719,2473.97802734,2454.79467773
2108.09838867,2121.56494141,2180.390625,2083.4609375
2108.12084961,2123.23510742,1990.13757324,1943.54528809
2112.39990234,2129.50341797,2010.40112305,2037.7097168
2116.82177734,2127.52099609,2042.59411621,2119.0871582
2122.71240234,2121.8046875,2088.34033203,2219.22143555
2130.78173828,2123.74121094,2273.38256836,2419.2109375
2131.10131836,2128.71679688,2407.78173828,2455.75439453
2119.38745117,2127.91455078,2250.41015625,2159.69482422
2112.22485352,2128.11962891,2005.25170898,1888.10168457
2120.70825195,2137.89624023,2014.79516602,2000.83728027
2128.67724609,2149.95385742,2248.08520508,2353.01367188
2124.20581055,2154.30883789,2506.7175293,2675.72705078
2123.70336914,2153.29614258,2752.6237793,2921.96337891
2137.6809082,2152.2902832,2914.00952148,2984.78613281
2147.33129883,2149.90429688,2790.89672852,2668.72680664
2139.35791016,2143.51391602,2393.30517578,2121.17089844
2128.69604492,2133.82202148,2013.84790039,1764.91955566
2128.76928711,2123.21508789,1856.35522461,1744.49291992
2131.05249023,2115.53833008,1876.85217285,1864.62304688
2124.27880859,2112.91577148,1975.28552246,1993.98242188
2109.70556641,2111.07543945,2097.82397461,2137.93847656
2094.81103516,2106.0,2184.59277344,2218.69824219
2085.82714844,2103.09960938,2187.06982422,2138.41357422
2084.07666016,2109.68334961,2133.72973633,2014.68054199
2087.27416992,2122.29443359,2113.66064453,2071.30712891
2097.125,2130.8449707,2196.00708008,2305.24536133
2114.47290039,2131.12207031,2376.67700195,2506.91015625
2125.52148438,2126.89355469,2588.77587891,2588.24414063
2115.68579102,2123.1628418,2728.96533203,2604.32226563
2096.66186523,2120.79077148,2685.33813477,2497.46435547
2091.74633789,2117.6887207,2431.56494141,2186.67382813
2100.16137695,2115.38256836,2097.03637695,1848.89038086
2105.15332031,2119.04663086,1841.55383301,1722.81835938
2105.10424805,2126.70849609,1712.76220703,1761.2590332
2108.421875,2128.90332031,1728.73864746,1830.7623291
2113.12329102,2125.83251953,1921.77331543,1982.10961914
2114.57226563,2129.29907227,2155.91333008,2188.46191406
2117.18066406,2140.16186523,2176.87524414,2217.42578125
2123.31494141,2144.16064453,2000.00317383,2056.86132813
2127.15283203,2138.05786133,1917.68676758,1999.8951416
2128.10400391,2137.47460938,2036.02185059,2134.93994141
2134.48999023,2150.73950195,2205.82836914,2272.05224609
2148.90087891,2165.96118164,2395.22875977,2389.84960938
2163.45117188,2170.78637695,2647.16088867,2581.32348633
2171.79711914,2166.86035156,2760.84692383,2667.15283203
2172.94726563,2159.15454102,2532.2409668,2444.0534668
2163.28125,2146.56689453,2161.09399414,2112.76098633
2141.45898438,2130.66455078,1953.09680176,1952.37695313
2121.53686523,2122.51611328,1870.46435547,1895.86401367
2120.13793945,2130.04711914,1785.07788086,1841.36120605
2130.78393555,2144.30419922,1810.74719238,1927.38525391
2135.98120117,2150.66967773,2004.13952637,2154.78735352
2139.14208984,2149.92895508,2142.05444336,2253.86499023
2152.10229492,2152.71875,2104.5793457,2165.17114258
2162.84570313,2157.75195313,2065.33447266,2120.23681641
2155.51513672,2156.15722656,2111.29321289,2162.53149414
2145.08251953,2151.66894531,2118.81494141,2142.31689453
2149.72436523,2152.40063477,2098.21582031,2136.72802734
2154.29174805,2151.12670898,2194.72583008,2308.73388672
2143.06494141,2139.41479492,2326.1171875,2478.12011719
2133.77294922,2128.30224609,2276.73120117,2378.97314453
2139.31030273,2129.22094727,2109.859375,2167.62353516
2137.88476563,2132.14013672,2060.48339844,2162.65454102
2116.4140625,2126.22167969,2132.18115234,2292.66479492
2098.28686523,2120.20947266,2192.71850586,2295.13671875
2100.91430664,2122.55541992,2278.46679688,2222.23999023
2110.44873047,2125.27148438,2431.91430664,2250.26660156
2114.51318359,2121.94824219,2479.17578125,2241.63964844
2117.61499023,2118.52832031,2315.11352539,2005.15771484
2119.47802734,2117.87988281,2147.03759766,1733.93334961
2115.20263672,2114.11645508,2162.53344727,1698.5255127
2111.35961914,2105.68994141,2242.34277344,1792.32751465
2113.82250977,2099.00756836,2244.10644531,1820.9420166
2115.3984375,2098.78051758,2256.61767578,1887.52514648
2113.21166992,2103.25610352,2350.64355469,2087.59423828
2113.48852539,2107.98364258,2385.39331055,2225.90283203
2111.92016602,2111.42138672,2272.96875,2176.52832031
2101.1730957,2116.29638672,2159.95336914,2097.02978516
2095.51416016,2124.12426758,2162.42163086,2067.62719727
2111.25219727,2132.16943359,2179.35205078,1986.10900879
2132.25292969,2139.26953125,2145.00805664,1925.20874023
2133.40600586,2147.13452148,2208.04272461,2087.54882813
2123.61914063,2152.41357422,2438.15893555,2350.0090332
2127.1159668,2148.47241211,2590.82836914,2354.58203125
2139.28369141,2137.55737305,2457.21875,2108.54223633
2138.78173828,2128.69116211,2247.44311523,2016.24719238
2127.82861328,2123.54492188,2261.73608398,2210.78027344
2124.97094727,2117.69335938,2373.22485352,2331.19213867
2129.44360352,2112.97607422,2288.41162109,2171.27294922
2125.4230957,2114.70507813,2114.22314453,2042.80334473
2115.3112793,2120.91015625,2129.39941406,2161.85742188
2118.24780273,2126.72753906,2239.99121094,2253.22314453
2135.69433594,2133.04711914,2257.11791992,2210.13085938
2146.71728516,2140.5871582,2388.26342773,2447.30297852
2142.11450195,2143.8984375,2804.04370117,3035.72631836
2136.15014648,2139.14770508,3103.11254883,3277.51904297
2137.18505859,2129.25927734,2872.30932617,2773.18261719
2135.44433594,2118.98828125,2382.14672852,2101.97314453
2129.48706055,2114.42358398,2127.51025391,1861.41369629
2134.04858398,2122.86694336,2096.36694336,1865.66259766
2150.86645508,2141.58740234,2023.36035156,1802.28979492
2161.85644531,2155.69897461,1954.015625,1853.06262207
2158.94677734,2157.44873047,2063.13842773,2177.12963867
2152.40649414,2154.01660156,2233.85473633,2466.30395508
2148.14257813,2150.13476563,2241.07910156,2434.52783203
2143.70263672,2142.89868164,2139.21508789,2251.37792969
2143.4621582,2137.79174805,2128.26635742,2186.76416016
2153.42797852,2146.31958008,2190.99438477,2210.61816406
2166.01635742,2164.00292969,2173.16186523,2191.92553711
2168.88110352,2172.72998047,2119.33129883,2187.61767578
2163.26757813,2167.18261719,2211.69726563,2282.91943359
2160.4765625,2160.04003906,2415.74121094,2362.9284668
2164.7265625,2160.15649414,2492.73950195,2277.24560547
2168.82275391,2162.04199219,2363.75,2078.58789063
2166.04150391,2159.02148438,2189.76123047,1920.65063477
2159.44384766,2153.55761719,2097.29931641,1863.51074219
2155.17285156,2150.31225586,2074.32299805,1909.03100586
2152.38330078,2148.54589844,2113.17578125,2064.8347168
2148.11230469,2146.4909668,2215.16357422,2253.32836914
2145.453125,2146.30932617,2287.11914063,2317.68115234
2146.84741211,2149.99023438,2249.59912109,2230.89428711
2147.98828125,2155.28759766,2188.37402344,2149.46166992
2147.00463867,2158.4909668,2217.5949707,2165.1418457
2148.64086914,2158.11206055,2302.80053711,2178.03930664
2154.53857422,2156.50073242,2378.01977539,2122.26269531
2161.13110352,2159.10400391,2473.01953125,2104.85375977
2166.34448242,2167.57226563,2574.40185547,2176.56176758
2168.4675293,2174.42089844,2564.35571289,2197.59790039
2166.06860352,2172.51538086,2430.47363281,2090.59204102
2164.98364258,2166.55078125,2311.46191406,1982.60314941
2170.92480469,2164.50292969,2251.69165039,1966.67541504
2175.09936523,2163.67993164,2175.57006836,1992.12438965
2167.45068359,2157.88525391,2138.56835938,2065.26196289
2157.36010742,2150.5949707,2279.24829102,2249.63061523
2157.41772461,2148.00830078,2502.27636719,2441.97460938
2160.71557617,2147.93701172,2556.6418457,2467.26635742
2158.37866211,2146.90942383,2428.71582031,2362.76831055
2158.10180664,2147.80664063,2326.55029297,2285.19677734
2163.55151367,2151.45507813,2333.49853516,2264.70678711
2163.1418457,2152.640625,2390.71630859,2291.08984375
2155.42919922,2150.65087891,2495.30297852,2413.92382813
2153.21362305,2150.22436523,2621.1796875,2548.71166992
2154.47436523,2148.98413086,2618.16015625,2480.32641602
2145.0168457,2139.95751953,2429.90551758,2216.39501953
2129.984375,2127.88134766,2199.55444336,2005.04882813
2126.5012207,2124.67675781,2026.57824707,1938.92346191
2131.75244141,2128.25708008,1896.86132813,1920.39697266
2132.46582031,2126.57250977,1870.37524414,1983.46801758
2133.96166992,2122.49658203,1987.05334473,2213.83105469
2147.03198242,2129.23242188,2064.58984375,2446.3605957
2158.89086914,2139.83911133,1964.61950684,2473.86254883
2149.8972168,2133.14868164,1865.17907715,2380.80981445
2130.49658203,2114.54174805,1915.24462891,2310.72583008
2128.61254883,2113.12817383,1970.51477051,2224.25195313
2144.22802734,2131.29858398,1993.81103516,2174.07421875
2152.19580078,2140.31054688,2210.2578125,2347.32910156
2149.36572266,2133.41113281,2580.90820313,2623.22705078
2156.34863281,2134.82299805,2722.82666016,2647.61083984
2169.92504883,2148.96875,2545.93774414,2420.67797852
2162.82592773,2151.55322266,2334.97387695,2209.24853516
2136.44458008,2137.22949219,2166.88867188,2006.45117188
2123.63867188,2128.60620117,1908.41992188,1723.46362305
2134.01879883,2134.3581543,1685.13549805,1616.1640625
2142.85742188,2138.43310547,1729.3359375,1884.60705566
2136.37158203,2131.14990234,1954.55297852,2237.25366211
2127.74926758,2120.71362305,2146.23266602,2360.59545898
2127.64770508,2115.33886719,2280.73242188,2355.4909668
2129.9362793,2113.09277344,2362.94775391,2364.39892578
2128.70068359,2108.40527344,2314.43286133,2294.51611328
2129.64379883,2101.51049805,2186.62182617,2141.44091797
2139.22607422,2101.05786133,2146.40380859,2091.04052734
2150.85400391,2113.04882813,2219.40966797,2177.04931641
2150.91333008,2127.78100586,2311.72387695,2241.28833008
2138.55126953,2129.90942383,2385.73364258,2226.34985352
2127.35205078,2121.20385742,2399.51953125,2168.85180664
2124.47802734,2117.29199219,2247.91113281,2019.47595215
2123.84619141,2122.07055664,1957.59350586,1786.46496582
2122.08276367,2123.40576172,1761.2121582,1682.32592773
2122.88354492,2115.39306641,1816.35900879,1837.25048828
2126.23095703,2107.68701172,2010.00512695,2076.14257813
2130.88867188,2109.41918945,2162.9375,2221.27050781
2140.47216797,2116.71264648,2263.60522461,2341.3984375
2151.33520508,2120.32861328,2362.34106445,2474.19921875
2150.00585938,2118.60864258,2388.77294922,2441.37280273
2136.63671875,2117.78393555,2273.20336914,2204.81982422
2127.83105469,2119.22021484,2151.47241211,2072.67382813
2125.92895508,2113.31762695,2206.96777344,2254.14282227
2117.12231445,2096.46948242,2355.04125977,2489.65722656
2106.32763672,2085.76757813,2364.89453125,2444.19067383
2113.44750977,2095.88476563,2269.90966797,2244.21630859
2131.11474609,2110.92993164,2306.11352539,2238.17236328
2132.13256836,2108.54418945,2453.21264648,2384.60253906
2119.40771484,2098.95166016,2469.24291992,2372.54418945
2119.74902344,2104.02563477,2377.63745117,2255.83227539
2131.87792969,2114.52246094,2414.25292969,2344.78173828
2130.40039063,2108.69287109,2503.89428711,2504.34228516
2114.69702148,2094.40136719,2357.24487305,2304.41625977
2106.66967773,2092.55664063,2061.37255859,1871.21276855
2109.19335938,2098.72241211,1983.53051758,1773.86218262
2108.46679688,2097.08081055,2148.27539063,2068.74243164
2105.61694336,2091.88330078,2283.30932617,2292.38305664
2110.6862793,2094.43530273,2356.01611328,2328.76611328
2118.18945313,2097.96191406,2502.03271484,2422.54150391
2115.94335938,2090.58935547,2601.25097656,2478.51733398
2106.11621094,2078.79370117,2473.99780273,2225.08569336
2099.83056641,2078.99609375,2303.09448242,1890.48925781
2101.71655273,2094.25390625,2366.21875,1900.48059082
2108.93115234,2112.00366211,2562.85839844,2145.38378906
2117.06640625,2122.25683594,2627.6159668,2257.34692383
2124.27636719,2128.98632813,2566.88183594,2266.01831055
2133.26391602,2139.91967773,2516.77856445,2335.41088867
2146.42407227,2152.87670898,2429.59838867,2289.55151367
2159.53662109,2162.26513672,2237.05322266,2007.65527344
2166.56567383,2171.32495117,2090.68554688,1822.46569824
2167.76391602,2182.98706055,2155.60229492,1994.22973633
2166.53222656,2187.49121094,2353.77880859,2271.44506836
2163.35742188,2177.04931641,2507.14501953,2386.3894043
2158.56030273,2162.75219727,2551.73168945,2446.50634766
2154.80981445,2158.42529297,2483.49389648,2510.85229492
2152.37182617,2159.43237305,2299.71069336,2381.39575195
2148.34643555,2155.43334961,2097.58569336,2086.69702148
2143.53369141,2150.43701172,2024.92651367,1963.04907227
2142.95703125,2152.08496094,2079.73510742,2078.79736328
2147.92895508,2155.04492188,2171.40795898,2184.09887695
2154.47143555,2152.3684082,2327.15869141,2253.65234375
2158.79418945,2149.71923828,2539.93774414,2416.6003418
2158.48754883,2153.23071289,2558.04541016,2466.20239258
2153.63647461,2157.19555664,2245.25830078,2178.11401367
2151.61206055,2156.47167969,1944.93945313,1890.34851074
2159.93701172,2156.45214844,1994.67932129,2004.18664551
2170.94433594,2160.5324707,2183.30200195,2270.51635742
2169.95068359,2163.39379883,2230.86352539,2330.95922852
2159.76025391,2164.28759766,2354.80859375,2422.69335938
2155.26953125,2169.63623047,2718.53686523,2739.86938477
2155.95898438,2177.42993164,2857.93603516,2779.4453125
2150.34008789,2178.01782227,2393.78881836,2199.94506836
2142.06225586,2172.4934082,1786.82128906,1610.17126465
2142.30102539,2170.23950195,1650.71276855,1635.16906738
2145.63793945,2169.99560547,1841.13195801,1947.88952637
2142.74145508,2164.81079102,1930.37060547,2051.75292969
2143.27905273,2160.45068359,2033.74938965,2210.2097168
2158.70239258,2165.86669922,2419.43798828,2738.53125
2178.64086914,2172.95092773,2781.65771484,3153.57910156
2187.35717773,2169.09863281,2659.38793945,2918.18359375
2185.75952148,2160.03344727,2217.12695313,2375.18676758
2181.13916016,2157.52563477,1936.02416992,2125.91040039
2174.63745117,2157.54492188,1854.77832031,2083.97436523
2168.24829102,2152.59448242,1738.4440918,1912.53430176
2165.37670898,2149.52490234,1671.24243164,1796.69763184
2162.51342773,2154.59130859,1854.71765137,1998.71398926
2156.97265625,2159.22265625,2102.02197266,2219.30761719
2156.69775391,2157.57592773,2106.2956543,2141.94165039
2166.49145508,2158.04101563,1949.89086914,2033.38696289
2175.14233398,2164.9934082,1887.17590332,2176.90258789
2171.80224609,2170.48828125,1935.3737793,2363.34887695
2164.65600586,2172.07397461,2052.75439453,2435.17797852
2167.68261719,2177.26538086,2335.3112793,2581.13256836
2176.63208008,2185.55029297,2704.92407227,2747.03881836
2176.51025391,2187.08984375,2819.24023438,2585.72460938
2169.7355957,2182.45068359,2571.48925781,2181.06884766
2172.51074219,2183.2746582,2262.30273438,1976.89648438
2181.11938477,2190.57202148,2096.45581055,1991.7355957
2174.20629883,2192.33178711,1969.87658691,1929.25769043
2155.1784668,2185.90869141,1854.18273926,1861.95825195
2152.15332031,2182.55834961,1879.92382813,2004.17797852
2167.03320313,2185.58813477,1972.90270996,2142.17871094
2170.77734375,2184.48950195,1905.77441406,2006.31066895
2157.54882813,2175.47485352,1720.11657715,1800.08447266
2154.0324707,2167.53930664,1654.27001953,1801.34533691
2168.02075195,2163.93603516,1740.00036621,1920.72363281
2176.79785156,2157.64770508,1862.84411621,2047.23657227
2172.14624023,2148.51196289,2032.59533691,2276.33520508
2171.68310547,2145.66699219,2241.76123047,2529.44897461
2180.41870117,2150.39331055,2312.44116211,2529.70068359
2180.8671875,2153.43237305,2170.63452148,2300.74462891
2167.93457031,2151.09179688,1977.91772461,2126.31811523
2160.07080078,2149.86450195,1826.34204102,2036.87316895
2166.99633789,2153.81762695,1669.15637207,1911.62109375
2174.88110352,2159.11206055,1607.76281738,1907.73217773
2173.82714844,2162.62353516,1795.4630127,2167.26757813
2173.39038086,2166.3671875,2058.86914063,2379.24121094
2179.04492188,2171.23535156,2096.6784668,2262.64746094
2179.984375,2174.87841797,1984.4967041,2109.99975586
2173.3215332,2178.21923828,1994.03967285,2236.81396484
2173.41748047,2185.0402832,2083.96337891,2386.09228516
2184.2668457,2192.10668945,2096.0012207,2303.76269531
2189.5637207,2189.91967773,2190.88305664,2300.63818359
2181.96630859,2177.52856445,2510.44384766,2588.92553711
2175.63696289,2166.17456055,2732.72265625,2736.19018555
2178.85791016,2163.45361328,2560.79956055,2438.71606445
2180.02856445,2164.54711914,2268.12304688,2112.50219727
2171.90014648,2164.05786133,2192.5246582,2102.49560547
2165.54296875,2164.47583008,2179.07739258,2108.12792969
2168.50537109,2166.36621094,2059.84838867,1944.04760742
2170.87841797,2163.20654297,2078.17211914,1964.23498535
2165.36914063,2154.67626953,2315.68286133,2229.80200195
2161.77661133,2151.73925781,2384.84375,2237.01269531
2168.35009766,2158.89233398,2164.00756836,1895.81542969
2175.40917969,2165.51831055,2091.44799805,1757.90881348
2171.4921875,2164.40673828,2344.91577148,1988.64953613
2163.07421875,2163.59838867,2540.75512695,2171.37963867
2164.08837891,2170.46508789,2530.52709961,2240.23803711
2174.04711914,2179.09106445,2620.61694336,2493.9152832
2180.70239258,2182.61254883,2805.03662109,2727.20825195
2180.99462891,2185.19311523,2693.43164063,2487.49707031
2184.61767578,2192.90454102,2325.48852539,2030.58764648
2194.26196289,2201.56079102,2157.78955078,1931.28588867
2197.1875,2202.29980469,2212.80297852,2056.72412109
2185.62231445,2195.76757813,2119.24926758,1964.43151855
2172.37084961,2191.98950195,1929.84265137,1851.57287598
2172.43139648,2194.85424805,2021.10253906,2079.52490234
2181.26416016,2197.09399414,2295.30493164,2320.15283203
2187.82397461,2195.69897461,2330.89233398,2176.16381836
2195.46606445,2198.15185547,2177.31152344,2012.76342773
2208.44726563,2204.40917969,2206.8046875,2243.55126953
2211.83178711,2200.78393555,2382.36108398,2524.97753906
2192.48120117,2184.40356445,2431.3059082,2499.97827148
2168.68383789,2173.67358398,2486.96337891,2498.30322266
2168.35961914,2180.15869141,2810.4609375,2755.48657227
2187.0859375,2190.79760742,3149.30200195,2851.46972656
2198.33569336,2191.82104492,3078.22460938,2534.3449707
2194.87719727,2188.65136719,2700.02832031,2181.32910156
2188.95727539,2188.7175293,2402.27001953,2043.74084473
2183.17822266,2186.71362305,2247.53833008,1943.9987793
2171.69799805,2179.98413086,2129.68725586,1894.52404785
2160.02246094,2177.31445313,2151.0637207,2118.92456055
2158.6940918,2181.32080078,2359.7199707,2438.32202148
2165.71313477,2182.2109375,2483.703125,2456.99487305
2170.41259766,2176.49414063,2333.8918457,2254.37988281
2167.53076172,2172.26538086,2124.7890625,2187.97729492
2162.24414063,2172.82910156,2102.87451172,2250.02856445
2165.4387207,2174.23339844,2223.75219727,2266.39916992
2179.50463867,2177.18505859,2409.15844727,2391.62744141
2190.48632813,2182.93481445,2708.06396484,2748.234375
2188.01245117,2184.24829102,3005.9699707,2942.16699219
2183.9309082,2177.69750977,3005.78979492,2613.40625
2189.54882813,2173.26977539,2686.93310547,2106.04638672
2190.45678711,2176.45483398,2367.78808594,1925.57397461
2171.74633789,2177.20605469,2192.98144531,1940.97595215
2148.96875,2170.71777344,2024.40686035,1815.26818848
2144.52368164,2168.85180664,1895.9440918,1737.27990723
2152.63183594,2177.01928711,2010.99987793,1958.18334961
2155.02563477,2181.78320313,2247.4519043,2133.42382813
2153.15307617,2175.09350586,2274.53027344,1931.89685059
2158.99316406,2168.14453125,2152.56298828,1733.91210938
2167.56176758,2168.26000977,2201.2800293,1957.36901855
2164.13208008,2166.18334961,2385.73144531,2324.29003906
2153.48999023,2159.55615234,2456.88061523,2472.86987305
2156.95922852,2163.2265625,2488.79711914,2565.35766602
2177.04223633,2181.39453125,2659.31762695,2709.90429688
2190.23266602,2195.40112305,2770.17407227,2585.81274414
2184.45166016,2193.80615234,2547.4597168,2116.59423828
2175.86108398,2187.66455078,2127.13964844,1722.92175293
2175.56762695,2183.49755859,1805.37268066,1621.78430176
2172.14550781,2172.00756836,1627.56555176,1628.79418945
2162.02856445,2155.27563477,1530.83203125,1701.60388184
2161.14501953,2151.46533203,1549.98937988,1928.72912598
2172.03857422,2161.90625,1669.07177734,2109.21582031
2175.8347168,2167.01245117,1766.4654541,2040.46289063
2166.83935547,2161.40576172,1799.97119141,1952.8572998
2160.09277344,2159.78930664,1816.36340332,2078.0625
2160.92456055,2165.61206055,1833.80847168,2218.40380859
2160.28417969,2166.47607422,1902.94543457,2219.11962891
2158.66723633,2160.8581543,2105.75366211,2287.74951172
2163.68969727,2159.7824707,2340.0246582,2454.58764648
2168.71142578,2162.78955078,2364.29296875,2388.38842773
2161.9309082,2158.05493164,2161.48657227,2043.0592041
2150.16943359,2145.92675781,1957.76171875,1794.51818848
2148.98583984,2140.64282227,1859.06066895,1788.68395996
2157.68969727,2147.61816406,1805.38220215,1829.10705566
2165.85180664,2156.57373047,1839.92431641,1888.44909668
2172.87646484,2159.62744141,2070.34057617,2094.68554688
2180.51879883,2161.44140625,2400.8425293,2328.44555664
2180.06347656,2167.21630859,2576.19677734,2342.52099609
2166.66601563,2173.24536133,2481.61938477,2143.12109375
2152.296875,2175.15966797,2270.50268555,1958.40161133
2148.49829102,2174.89379883,2185.68774414,1943.48400879
2150.60766602,2173.40380859,2264.7109375,2015.88049316
2150.16992188,2166.53564453,2305.36181641,1975.7833252
2148.5871582,2154.50024414,2208.16186523,1821.80358887
2150.44775391,2145.44482422,2143.26855469,1767.77026367
2154.54882813,2143.0390625,2210.06518555,1859.04492188
2156.85742188,2140.68530273,2263.5246582,1952.31408691
2156.40429688,2134.03369141,2282.3581543,2106.96386719
2155.14624023,2127.81665039,2470.234375,2426.75976563
2153.43408203,2124.99682617,2784.99194336,2609.00488281
2149.30541992,2122.5222168,2864.63671875,2347.47485352
2144.27294922,2122.21240234,2596.23461914,1940.4753418
2142.93017578,2129.7956543,2276.94799805,1808.74572754
2143.52563477,2139.79248047,2134.33398438,1851.03503418
2140.4362793,2140.20996094,2140.96337891,1891.99938965
2137.92626953,2134.46362305,2264.83105469,2112.79296875
2145.47412109,2137.69287109,2463.02124023,2481.87548828
2160.32446289,2150.80566406,2531.27539063,2533.4543457
2171.69946289,2160.09643555,2338.73974609,2172.90283203
2176.15771484,2160.55566406,2051.74414063,1893.19348145
2173.46923828,2157.70556641,1863.11560059,1906.70373535
2160.33666992,2151.51831055,1777.59362793,1940.74572754
2142.16235352,2139.99169922,1841.06530762,2012.88659668
2134.46533203,2131.70239258,2163.99243164,2420.40258789
2141.56298828,2135.49194336,2553.63793945,2909.9465332
2150.26196289,2145.26757813,2600.15649414,2869.35083008
2150.25708008,2149.70727539,2263.72924805,2343.41064453
2145.09375,2148.32788086,1913.62805176,1941.09814453
2141.7512207,2147.50317383,1758.4786377,1871.93969727
2142.49633789,2148.97070313,1708.71398926,1898.58972168
2145.75097656,2149.53149414,1728.76037598,1970.90026855
2147.43115234,2147.41357422,1854.66088867,2171.2434082
2144.94750977,2145.13500977,1974.29602051,2340.76245117
2141.23120117,2145.56323242,1960.82788086,2304.88061523
2139.80004883,2146.33984375,1864.203125,2157.49072266
2139.68676758,2143.74707031,1762.48815918,2046.39807129
2140.01928711,2140.76538086,1670.34545898,2013.09619141
2141.5222168,2140.99584961,1656.29089355,2077.39379883
2140.10742188,2138.6262207,1742.15039063,2155.42749023
2130.76464844,2129.32080078,1767.62158203,2072.05126953
2119.9934082,2123.5703125,1685.79089355,1917.59460449
2120.10253906,2130.90527344,1744.5994873,1996.62988281
2129.73046875,2141.12963867,2012.03430176,2218.93969727
2135.30322266,2140.55957031,2127.88183594,2152.51318359
2132.31396484,2134.13452148,1940.7746582,1868.2401123
2129.38525391,2132.71020508,1867.98327637,1943.64782715
2131.53320313,2133.27539063,2158.71459961,2417.62524414
2134.89208984,2129.58789063,2398.65454102,2638.71972656
2136.91430664,2127.24853516,2249.44018555,2384.234375
2137.67822266,2131.78466797,2041.72595215,2170.68383789
2134.03198242,2135.51586914,2107.55957031,2215.86694336
2125.51660156,2130.63745117,2186.3659668,2113.8894043
2121.04174805,2123.84033203,2040.77050781,1813.69665527
2127.0925293,2125.48266602,1993.41357422,1866.47705078
2135.87524414,2133.22045898,2279.28808594,2351.29394531
2136.80126953,2137.31567383,2497.50512695,2563.06298828
2131.42260742,2135.46191406,2275.60131836,2167.88208008
2126.20214844,2132.15332031,1902.33703613,1741.19750977
2120.87231445,2128.34155273,1779.11987305,1757.30822754
2115.41870117,2122.68334961,1794.86853027,1923.64294434
2117.53564453,2120.04248047,1728.1796875,1930.7512207
2130.02416992,2126.40942383,1730.54528809,2014.3861084
2140.70410156,2136.69287109,1940.84240723,2312.71875
2138.71948242,2140.71508789,2109.1628418,2442.35742188
2131.28344727,2139.21264648,2024.83569336,2191.51123047
2129.48876953,2139.23706055,1881.53295898,1952.63671875
2128.72241211,2138.86865234,1890.45654297,2043.10571289
2120.96875,2133.84204102,1964.63256836,2227.73828125
2114.22705078,2130.88989258,2033.91870117,2259.22558594
2119.01708984,2135.40063477,2216.02734375,2266.19921875
2127.79614258,2137.59057617,2460.63476563,2314.11547852
2128.04150391,2129.83447266,2478.41040039,2185.31591797
2122.80151367,2122.34643555,2214.78637695,1841.22070313
2120.83032227,2124.43945313,1965.77697754,1567.19348145
2120.99267578,2128.71289063,1889.27807617,1509.62487793
2120.41064453,2128.26977539,1843.45178223,1551.61975098
2122.74291992,2129.05444336,1797.83959961,1667.86328125
2128.52563477,2134.02148438,1915.06884766,1914.26379395
2131.55395508,2135.72680664,2137.62768555,2126.53979492
2129.66894531,2131.63208008,2201.88720703,2112.77587891
2126.83886719,2128.01049805,2130.94995117,2019.72753906
2124.75292969,2126.54248047,2196.66674805,2064.63842773
2122.94628906,2123.39208984,2383.23242188,2139.41918945
2123.72558594,2119.89770508,2439.48754883,2110.98022461
2128.1015625,2120.47875977,2413.09985352,2158.09619141
2132.10839844,2123.84375,2547.67773438,2362.45703125
2134.39404297,2126.98535156,2743.3684082,2409.66088867
2140.40600586,2131.93481445,2696.6027832,2140.35058594
2151.64868164,2139.28100586,2435.31347656,1890.80834961
2159.51513672,2142.96582031,2206.8515625,1905.22924805
2158.56591797,2141.08666992,2054.52050781,1984.51501465
2155.29467773,2141.58691406,1931.71887207,1997.41113281
2154.23461914,2146.71582031,1946.14428711,2106.4296875
2149.8215332,2145.70019531,2146.28686523,2309.32788086
2141.83764648,2134.83105469,2357.23730469,2370.25683594
2140.42675781,2127.13574219,2434.60351563,2255.5324707
2147.10131836,2129.33935547,2412.32739258,2132.98535156
2151.42089844,2130.17407227,2360.82397461,2062.35498047
2150.84375,2123.63842773,2343.89013672,2051.95239258
2152.14819336,2120.98608398,2417.35717773,2142.27758789
2154.31689453,2129.19213867,2488.24609375,2222.01879883
2150.96777344,2139.42919922,2383.95874023,2129.46142578
2144.67578125,2144.49414063,2153.7265625,1969.39233398
2142.33935547,2148.73413086,2017.32019043,1942.58081055
2143.8605957,2154.87573242,2020.02758789,2012.71411133
2145.30004883,2155.15380859,2051.26074219,2092.30297852
2145.29394531,2142.82617188,2100.95117188,2251.38208008
2144.92480469,2126.26586914,2192.36743164,2462.71386719
2146.9309082,2122.31518555,2228.23071289,2517.60986328
2153.1965332,2134.55102539,2154.75366211,2365.62573242
2160.93432617,2149.13745117,2101.92089844,2202.92602539
2166.109375,2156.12817383,2215.48950195,2211.91894531
2168.90600586,2159.89135742,2488.23339844,2425.95849609
2169.98608398,2163.21679688,2753.83129883,2680.19189453
2165.61254883,2159.49707031,2770.31396484,2646.59545898
2153.19799805,2147.57128906,2469.65356445,2241.06030273
2138.2019043,2137.36328125,2130.55566406,1855.35351563
2129.03173828,2134.80932617,2042.05517578,1797.94445801
2127.07885742,2135.05126953,2116.93945313,1882.46374512
2128.61743164,2134.79589844,2174.61108398,1962.61914063
2134.35888672,2139.22558594,2327.15991211,2247.38452148
2146.20898438,2150.72241211,2655.6809082,2682.88378906
2156.16650391,2159.97338867,2860.69750977,2786.13647461
2153.52856445,2156.72900391,2691.89282227,2453.1105957
2141.9609375,2143.74731445,2361.06298828,2157.26660156
2133.86499023,2132.00952148,2151.42285156,2130.75854492
2132.27392578,2127.34594727,2014.22009277,2117.79150391
2132.83374023,2128.45410156,1847.43017578,2019.41772461
2134.22973633,2131.76367188,1761.43566895,2041.43139648
2134.11035156,2133.2956543,1829.23022461,2193.51733398
2127.42089844,2131.28857422,1922.6496582,2273.47875977
2117.19287109,2127.94287109,1928.13012695,2270.31958008
2113.55273438,2125.43701172,1856.82092285,2284.99951172
2119.41186523,2124.83569336,1763.74035645,2256.90625
2128.87939453,2128.90600586,1775.49951172,2174.5402832
2136.02587891,2136.50366211,2028.14758301,2231.42993164
2136.38818359,2138.10913086,2387.46630859,2432.65966797
2128.9296875,2129.83544922,2513.37329102,2475.84667969
2121.92114258,2123.96679688,2358.49633789,2292.63183594
2125.40625,2131.14819336,2229.29980469,2175.89550781
2137.24804688,2143.61767578,2247.64868164,2187.15576172
2148.12060547,2150.78198242,2224.18383789,2083.15600586
2154.68310547,2156.85375977,2147.91113281,1932.41491699
2156.74487305,2167.71777344,2266.53637695,2076.84350586
2152.26928711,2175.18505859,2574.69189453,2431.81396484
2144.98046875,2169.61743164,2717.06567383,2533.97216797
2143.60351563,2156.00708008,2521.18920898,2273.92382813
2148.0859375,2144.96923828,2241.33691406,1978.10681152
2151.14770508,2137.84082031,2155.26660156,1847.5324707
2152.43603516,2130.7512207,2198.05810547,1799.90783691
2155.35595703,2125.89770508,2168.97973633,1787.34155273
2156.27441406,2129.46777344,2145.49536133,1930.2890625
2151.20556641,2139.63916016,2393.65966797,2301.56835938
2143.1965332,2143.46411133,2836.48754883,2693.6953125
2134.70043945,2132.00976563,3000.2644043,2755.00878906
2126.57739258,2115.27563477,2684.24267578,2448.67260742
2125.41430664,2109.34985352,2255.85180664,2124.63134766
2134.8371582,2111.55664063,2028.28894043,1963.73620605
2145.32910156,2108.21069336,1855.59985352,1785.49060059
2148.93701172,2103.03344727,1639.98535156,1616.30224609
2151.94848633,2111.33447266,1651.13024902,1791.12841797
2159.60327148,2130.42651367,1979.00756836,2232.32958984
2165.14160156,2143.84130859,2229.17822266,2404.07495117
2164.14892578,2148.64306641,2119.43481445,2199.75195313
2161.85742188,2153.1862793,1895.29418945,2057.1965332
2160.24438477,2156.50952148,1872.52185059,2132.64257813
2154.55126953,2151.59350586,2008.75732422,2221.03515625
2145.96728516,2141.92236328,2149.54174805,2387.09350586
2144.30175781,2139.81079102,2297.31054688,2788.46020508
2154.26269531,2150.58398438,2438.12548828,3091.8359375
2166.67749023,2164.42724609,2422.55200195,2887.16040039
2168.91992188,2166.75073242,2188.51098633,2378.88305664
2162.62304688,2157.76196289,1894.9486084,2014.08776855
2162.24487305,2152.89355469,1741.67553711,1860.46362305
2172.26049805,2158.20092773,1784.42993164,1838.89990234
2178.87475586,2161.01611328,1931.75708008,2005.8614502
2172.11816406,2153.75708008,2025.4041748,2235.77319336
2159.63378906,2146.58837891,1961.25158691,2220.57202148
2149.82006836,2146.44873047,1788.2199707,1992.17944336
2140.91748047,2145.75097656,1636.0123291,1875.5078125
2135.39892578,2141.81420898,1577.79406738,1948.95458984
2144.28051758,2146.21948242,1666.44995117,2115.14819336
2167.53369141,2164.46655273,1979.78723145,2443.84741211
2186.86230469,2182.73632813,2431.98925781,2863.27050781
2186.5246582,2185.21777344,2703.67944336,2945.60839844
2171.41210938,2174.93286133,2613.38525391,2550.37866211
2158.5612793,2167.42358398,2368.47143555,2127.53369141
2156.07348633,2168.00488281,2209.39868164,1967.70471191
2157.58911133,2167.41430664,2100.53198242,1871.26794434
2157.53076172,2161.46582031,2011.20617676,1817.56652832
2160.22241211,2159.37182617,2076.6159668,2049.55371094
2166.44140625,2164.85546875,2220.00756836,2349.56079102
2165.30371094,2166.32275391,2124.86108398,2242.32104492
2152.46142578,2157.22827148,1807.37805176,1911.92822266
2140.8984375,2148.37036133,1653.79980469,1900.79138184
2140.07763672,2148.5065918,1776.50268555,2139.06494141
2142.12011719,2151.35351563,1951.32861328,2273.74731445
2140.45922852,2151.27905273,2155.92553711,2460.609375
2141.92016602,2153.07519531,2488.93676758,2845.7487793
2150.37353516,2159.27758789,2709.76464844,2958.08569336
2158.26855469,2164.55761719,2547.95507813,2526.37158203
2160.81323242,2165.8359375,2235.48120117,2082.14160156
2161.0402832,2164.71923828,2134.43505859,2025.30163574
2159.45874023,2161.61010742,2183.29101563,2039.71276855
2154.22387695,2157.5168457,2204.49926758,1958.38708496
2148.72607422,2155.83349609,2294.04248047,2117.18359375
2146.11450195,2155.23852539,2468.81591797,2456.39160156
2142.92529297,2150.26611328,2439.00976563,2411.41113281
2138.17602539,2143.46484375,2108.70581055,1973.0090332
2138.59887695,2144.63110352,1815.49243164,1764.4576416
2146.78613281,2155.05664063,1810.61303711,1963.54333496
2156.20092773,2166.31445313,1979.50537109,2194.82226563
2163.76782227,2175.51147461,2213.86962891,2407.89379883
2173.97485352,2186.63061523,2540.05444336,2811.34570313
2185.97509766,2197.3581543,2793.15063477,3118.55078125
2190.77905273,2200.48046875,2694.05078125,2878.30957031
2186.28588867,2197.58251953,2321.46386719,2332.50732422
2182.21655273,2197.02416992,2034.90539551,2050.00268555
2184.71484375,2200.21142578,1932.57678223,2026.14562988
2187.40551758,2201.97167969,1851.9107666,1949.85119629
2183.49291992,2200.88183594,1836.95849609,1935.37231445
2176.36889648,2198.85839844,2066.13452148,2178.99902344
2171.92749023,2195.3359375,2358.77905273,2342.5324707
2169.9831543,2190.55688477,2336.82495117,2088.17236328
2169.62231445,2189.00268555,2078.60351563,1781.62915039
2173.8359375,2192.37719727,2021.35510254,1899.95874023
2183.24707031,2195.9519043,2231.62744141,2233.82324219
2193.74414063,2198.08959961,2414.64624023,2402.25463867
2202.71948242,2203.92626953,2589.93286133,2569.48022461
2208.59594727,2211.92871094,3013.31787109,2930.02319336
2206.48779297,2209.31152344,3463.39086914,3119.02856445
2195.50927734,2192.31323242,3386.19213867,2803.59228516
2184.25439453,2177.08666992,2781.54125977,2274.59448242
2177.40039063,2175.76245117,2268.9597168,1977.9576416
2168.31567383,2177.55493164,2225.17895508,1973.07434082
2156.89477539,2171.27416992,2406.10083008,2089.09912109
2156.64575195,2167.46728516,2494.64526367,2214.00268555
2169.8215332,2176.06542969,2552.82836914,2352.37524414
2177.75854492,2183.03564453,2713.85668945,2526.46948242
2171.42993164,2175.39306641,2766.90087891,2563.17138672
2166.30102539,2167.8828125,2448.96386719,2217.99511719
2171.51367188,2176.42089844,1977.71911621,1696.65686035
2173.32250977,2186.94140625,1792.85302734,1527.35131836
2164.92236328,2180.02368164,1870.79602051,1735.03747559
2161.25170898,2164.82397461,1868.79296875,1874.60766602
2168.28710938,2160.0925293,1820.67333984,1908.27832031
2169.50219727,2162.63745117,2024.08203125,2130.95556641
2157.16015625,2160.64135742,2359.75170898,2351.71704102
2146.87792969,2158.43823242,2404.25952148,2156.03515625
2150.56591797,2165.7746582,2120.01879883,1756.91918945
2161.89453125,2179.14208984,1849.54187012,1659.87634277
2173.63793945,2189.77880859,1765.06262207,1825.51794434
2185.48779297,2196.00561523,1810.14770508,1945.78491211
2193.38769531,2197.62402344,1987.62341309,2078.84814453
2190.40063477,2190.70654297,2268.33569336,2335.72802734
2178.15576172,2175.15478516,2423.59423828,2464.58837891
2165.87792969,2158.53100586,2316.62817383,2304.6628418
2160.01293945,2148.17797852,2139.46240234,2122.40087891
2160.41088867,2145.85449219,2096.296875,2111.27490234
2163.83227539,2151.14892578,2145.81958008,2131.97631836
2167.77636719,2161.93310547,2246.7487793,2165.49682617
2171.27563477,2169.89648438,2473.03808594,2366.41625977
2173.82324219,2166.29174805,2716.04345703,2561.40405273
2175.5456543,2155.54711914,2692.93579102,2398.52294922
2176.99780273,2150.9519043,2398.0090332,2006.00476074
2176.32104492,2153.57006836,2141.70825195,1808.7635498
2169.79345703,2150.97802734,2065.46948242,1815.67419434
2158.10522461,2140.43676758,2037.53051758,1792.80529785
2148.10693359,2134.59570313,2055.51879883,1873.13525391
2145.43334961,2139.12695313,2280.52758789,2222.77978516
2147.84887695,2143.99829102,2612.56713867,2450.90112305
2147.64819336,2143.1628418,2704.1652832,2174.96118164
2141.31274414,2144.63037109,2498.28564453,1790.96337891
2135.79199219,2153.23413086,2329.95483398,1867.92663574
2139.37792969,2159.03271484,2399.86425781,2213.63720703
2147.11254883,2152.80249023,2545.38305664,2333.7590332
2147.58178711,2141.82983398,2618.8125,2319.33544922
2142.61865234,2138.234375,2693.98681641,2480.26220703
2140.99389648,2138.32519531,2768.77099609,2589.30493164
2137.05541992,2129.05664063,2629.12036133,2279.53466797
2122.55297852,2113.17456055,2214.68652344,1802.48327637
2111.31933594,2108.20898438,1846.35021973,1691.42700195
2119.00048828,2117.32397461,1838.34350586,1946.21337891
2131.04418945,2124.12890625,2073.27856445,2139.97631836
2126.91455078,2122.16601563,2245.81347656,2172.9050293
2117.6809082,2123.65625,2362.4777832,2384.74438477
2123.35864258,2132.58837891,2618.14086914,2872.19726563
2136.49121094,2136.88085938,2880.70874023,3145.03100586
2141.05004883,2133.21020508,2780.43945313,2765.59106445
2139.73803711,2132.12670898,2339.9909668,2054.77368164
2136.68066406,2134.66162109,2031.90820313,1694.51623535
2124.6965332,2130.08789063,2087.21679688,1780.24707031
2107.5222168,2118.74438477,2216.91503906,1873.35766602
2101.95776367,2113.60400391,2211.60107422,1905.08435059
2109.50537109,2118.79956055,2312.79418945,2224.79296875
2116.32788086,2125.59619141,2656.81420898,2697.21875
2118.69116211,2128.23120117,2853.79418945,2682.80053711
2120.49584961,2128.32470703,2599.58764648,2137.48779297
2117.37255859,2125.65161133,2238.90917969,1791.1126709
2108.39013672,2117.96948242,2176.29956055,1945.62268066
2107.08618164,2109.92358398,2220.27490234,2064.25585938
2120.27148438,2110.39477539,2083.06347656,1865.75915527
2133.5078125,2118.23876953,1968.41247559,1797.43005371
2132.71508789,2121.40014648,2076.15893555,2061.54003906
2123.2565918,2115.02661133,2126.59204102,2207.37207031
2116.90576172,2108.83447266,1916.54040527,2051.45214844
2114.54370117,2109.46484375,1731.36865234,2004.66601563
2110.74462891,2109.03271484,1789.13122559,2207.17138672
2105.72753906,2101.06152344,1909.49401855,2309.18432617
2103.76000977,2092.80102539,1992.50341797,2265.45800781
2102.83813477,2089.27709961,2159.69775391,2391.71850586
2095.62426758,2081.51611328,2294.50952148,2597.80639648
2083.1418457,2065.03369141,2126.54077148,2492.62280273
2076.17211914,2051.95727539,1800.265625,2176.98706055
2077.88037109,2049.65625,1704.13745117,2065.61743164
2079.55566406,2047.4107666,1819.1463623,2120.00317383
2078.10766602,2038.22290039,1864.81542969,2063.58862305
2079.22094727,2031.30603027,1884.5,2026.83850098
2081.91577148,2032.35559082,2042.6159668,2198.47094727
2081.72729492,2036.15368652,2124.71313477,2266.50830078
2084.63696289,2043.08532715,1899.72290039,1971.53674316
2095.01000977,2056.53833008,1663.16162109,1720.89855957
2102.44018555,2067.97363281,1785.10571289,1921.28210449
2102.45288086,2071.14208984,2072.44580078,2258.97851563
2108.31030273,2076.92895508,2165.8605957,2325.24536133
2122.73779297,2089.7644043,2154.30029297,2311.37695313
2128.09570313,2095.2434082,2236.81616211,2432.42041016
2120.7800293,2092.30395508,2229.68530273,2387.66967773
2120.41796875,2101.62695313,1956.37548828,2028.50463867
2133.64672852,2125.32592773,1692.07666016,1805.41320801
2144.7734375,2140.07739258,1728.42919922,1978.63049316
2147.67431641,2140.20288086,1900.12438965,2154.28881836
2152.6003418,2143.49145508,1943.69812012,2067.56005859
2160.43774414,2151.64282227,1916.29321289,2012.9798584
2160.18920898,2148.73657227,1928.8848877,2129.69824219
2151.7175293,2137.36132813,1888.18859863,2116.3684082
2148.70556641,2136.77294922,1782.05908203,1941.5123291
2158.78100586,2148.08789063,1806.87390137,1971.79602051
2174.0625,2153.39770508,2013.36218262,2228.31054688
2182.45166016,2146.56616211,2221.9362793,2367.80493164
2181.10205078,2139.71362305,2352.27319336,2382.89892578
2175.07885742,2140.03222656,2426.64379883,2466.05761719
2166.93701172,2140.32788086,2335.41552734,2415.51318359
2155.99633789,2135.48071289,2047.01367188,2036.41052246
2145.9284668,2131.81787109,1845.99694824,1713.09790039
2141.96655273,2133.64013672,1933.35839844,1806.1673584
2142.43798828,2134.60961914,2102.28686523,2056.47607422
2143.35571289,2130.76074219,2155.66162109,2173.57861328
2145.8371582,2128.52490234,2210.13623047,2285.57324219
2150.19384766,2131.67651367,2324.83740234,2429.53662109
2152.72924805,2134.33276367,2339.61376953,2401.51635742
2154.74584961,2133.76782227,2265.32421875,2285.14257813
2160.98608398,2135.48486328,2332.30493164,2372.64404297
2166.38378906,2140.27270508,2557.96533203,2587.03271484
2161.20922852,2140.73852539,2693.6965332,2604.27514648
2149.25512695,2134.90942383,2605.20678711,2377.60058594
2142.89892578,2130.42895508,2394.765625,2112.58740234
2143.01269531,2131.95361328,2220.96508789,1972.67248535
2142.25317383,2134.95947266,2192.55786133,2033.22631836
2142.84912109,2134.68505859,2318.18725586,2249.85253906
2151.32299805,2132.73266602,2460.91943359,2395.58154297
2161.30688477,2132.26074219,2473.98339844,2276.98022461
2162.02685547,2133.1965332,2400.28051758,2018.41259766
2158.80566406,2135.01586914,2401.93798828,1942.1307373
2164.47314453,2139.43994141,2508.75585938,2143.51464844
2175.11694336,2146.85888672,2581.64257813,2341.04223633
2176.51538086,2152.95117188,2543.02148438,2285.99438477
2170.62817383,2152.95043945,2494.88696289,2154.38793945
2171.63427734,2148.58105469,2517.49023438,2213.80834961
2179.45532227,2147.07397461,2511.16992188,2328.078125
2182.95092773,2152.50488281,2421.61743164,2304.41699219
2183.88500977,2160.70043945,2440.60058594,2399.26513672
2189.91918945,2164.01904297,2692.30761719,2788.15429688
2192.26416016,2159.73413086,2905.52001953,2979.40722656
2179.71044922,2152.09960938,2778.87817383,2577.20996094
2163.42651367,2146.3203125,2508.95043945,2100.89038086
2159.4050293,2143.04882813,2520.48974609,2172.83740234
2161.63964844,2140.41040039,2788.09838867,2463.19799805
2158.09765625,2137.69921875,2875.24609375,2309.63085938
2153.47436523,2133.95581055,2603.8203125,1838.8873291
2153.81494141,2127.56542969,2264.69750977,1659.25354004
2150.73071289,2120.46606445,2126.44604492,1870.609375
2139.77050781,2117.3972168,2096.76049805,2064.27539063
2133.37084961,2120.1652832,2000.75891113,2037.9642334
2141.49926758,2128.78686523,1928.60388184,2000.67614746
2157.48046875,2143.87792969,2070.85839844,2144.39916992
2171.24755859,2159.69799805,2311.14233398,2319.94580078
2180.66381836,2164.67163086,2285.64819336,2254.94897461
2184.75927734,2157.90673828,1939.20544434,2012.57336426
2179.77734375,2150.57226563,1701.5534668,1963.15869141
2167.20825195,2144.85546875,1859.66003418,2182.71411133
2156.28881836,2133.18920898,2119.52685547,2300.80566406
2153.59057617,2120.85546875,2192.53369141,2234.50927734
2155.27954102,2120.82299805,2357.88989258,2464.29614258
2153.22265625,2126.15991211,2852.67333984,3086.03466797
2145.84741211,2119.42333984,3209.41821289,3329.08349609
2140.28759766,2106.22949219,2931.78613281,2692.74584961
2144.47436523,2106.78833008,2348.82739258,1814.76989746
2157.74926758,2119.70898438,2080.59814453,1514.17749023
2170.08520508,2125.51806641,2140.75,1705.74743652
2172.42016602,2119.85595703,2189.21972656,1878.06970215
2165.98364258,2115.55419922,2169.8347168,1932.59216309
2158.0859375,2117.89477539,2183.66992188,2008.40454102
2153.19384766,2121.44750977,2168.79516602,2045.67578125
2153.95556641,2126.68261719,2068.46386719,1950.6126709
2163.69628906,2139.52270508,2017.13012695,1871.22998047
2178.25976563,2155.56787109,2178.87182617,2041.30273438
2183.14672852,2160.56420898,2533.95166016,2414.78466797
2170.85498047,2149.45825195,2837.12841797,2595.53710938
2154.20507813,2134.83081055,2812.1105957,2305.07080078
2150.22973633,2131.84423828,2485.14990234,1838.51818848
2157.8059082,2141.31787109,2180.58813477,1690.2746582
2163.9765625,2153.05371094,2091.7487793,1845.29663086
2165.33056641,2160.47900391,2134.70117188,1965.67431641
2168.41894531,2164.33056641,2258.45605469,2061.66333008
2173.51635742,2165.37988281,2475.41845703,2305.67333984
2173.3503418,2162.81298828,2594.83813477,2471.35449219
2167.64257813,2159.51123047,2426.12084961,2296.19946289
2165.19262695,2160.75488281,2176.65283203,2053.7109375
2168.59106445,2165.83886719,2148.76928711,2075.00561523
2168.95385742,2167.12890625,2240.83837891,2171.43408203
2161.46166992,2160.2980957,2253.62084961,2152.37573242
2155.12207031,2150.99755859,2342.39990234,2282.96630859
2158.53710938,2147.75292969,2611.78051758,2632.98608398
2165.43383789,2151.29858398,2700.51220703,2713.64379883
2165.43505859,2155.35449219,2354.78637695,2318.59228516
2161.79833984,2156.31616211,1947.13525391,1949.78125
2165.08496094,2156.36743164,1881.14196777,1967.03613281
2173.58032227,2156.30761719,1982.61096191,2108.87426758
2175.04614258,2152.78222656,1962.77905273,2145.94897461
2167.60400391,2146.90405273,1962.46374512,2223.45532227
2163.65893555,2147.43505859,2190.17260742,2385.02905273
2169.86132813,2157.83813477,2453.02978516,2412.9387207
2177.85375977,2168.23852539,2422.06811523,2199.64379883
2180.69213867,2169.40307617,2112.48706055,1882.55786133
2184.10058594,2166.58764648,1852.17700195,1680.82873535
2192.76757813,2169.703125,1848.26647949,1714.82580566
2198.3737793,2177.57006836,1967.36914063,1871.12719727
2192.91186523,2182.19238281,2059.76489258,1995.68701172
2184.46337891,2182.65649414,2284.97119141,2229.39135742
2186.05664063,2184.37841797,2753.08666992,2696.734375
2194.03295898,2186.91455078,3086.03515625,2998.48266602
2193.07348633,2183.1887207,2896.2746582,2721.96777344
2182.0144043,2173.92871094,2446.47290039,2195.77832031
2176.33154297,2171.76733398,2216.97021484,1960.45117188
2181.17797852,2181.68310547,2170.32250977,1943.56494141
2183.49829102,2189.19238281,2069.75292969,1904.60925293
2178.02026367,2182.2644043,2047.75048828,2022.14624023
2176.22729492,2171.24658203,2232.09472656,2348.88769531
2181.17993164,2169.93847656,2341.80541992,2470.86035156
2180.86938477,2173.62939453,2193.18383789,2246.03125
2173.71020508,2173.79711914,2047.19470215,2074.44775391
2172.25610352,2175.20483398,2091.68164063,2156.24243164
2178.171875,2181.86108398,2197.05859375,2301.69775391
2181.03686523,2185.93408203,2364.04467773,2494.98168945
2180.19213867,2183.09375,2715.29711914,2818.21069336
2182.98583984,2180.49023438,2998.73657227,2982.29101563
2188.28369141,2182.95410156,2831.4909668,2706.30249023
2191.26269531,2186.74511719,2365.6472168,2263.70458984
2192.95556641,2187.92822266,2022.74755859,2019.28625488
2192.43408203,2185.62768555,1817.12878418,1896.76818848
2184.96728516,2180.08764648,1605.0970459,1809.73400879
2174.15673828,2174.11816406,1575.58557129,1967.27587891
2169.42456055,2171.54614258,1827.77563477,2319.76196289
2170.97949219,2172.10620117,1981.54406738,2437.2956543
2171.86743164,2172.4152832,1801.82849121,2251.71850586
2170.42529297,2170.82958984,1631.65539551,2157.99902344
2169.07958984,2168.44921875,1747.85229492,2263.84082031
2167.56567383,2167.24072266,1936.58825684,2346.73388672
2164.87988281,2167.08105469,2036.31262207,2478.35351563
2161.7199707,2164.46411133,2195.61181641,2837.72509766
2158.6809082,2158.2644043,2358.20654297,3108.69921875
2156.44067383,2154.19824219,2209.62890625,2893.01025391
2155.45019531,2155.92822266,1796.48693848,2427.87841797
2153.47973633,2157.42089844,1526.61804199,2169.06835938
2148.7097168,2153.42456055,1499.94897461,2081.5925293
2144.51391602,2148.44775391,1480.31860352,1982.01965332
2144.72094727,2146.44140625,1471.56481934,2039.70251465
2147.26538086,2144.10571289,1658.30456543,2323.55615234
2148.99584961,2141.77954102,1879.78051758,2434.12646484
2151.60595703,2145.4987793,1817.20617676,2149.24633789
2156.05395508,2152.7487793,1581.61474609,1855.92236328
2157.23657227,2153.24072266,1535.07214355,1900.04589844
2151.69580078,2146.95336914,1713.75024414,2128.70385742
2144.67138672,2143.71508789,1930.7755127,2382.36279297
2142.09204102,2144.81616211,2177.00195313,2737.47973633
2142.63378906,2144.00244141,2464.17895508,3049.04858398
2144.77978516,2143.87475586,2584.79614258,2979.83642578
2150.64501953,2149.59155273,2411.03271484,2595.22143555
2155.16577148,2151.35961914,2131.4284668,2276.79199219
2148.39770508,2138.97094727,1962.37072754,2134.73144531
2136.6315918,2126.84716797,1944.56347656,2092.40063477
2137.73999023,2134.03930664,2085.58325195,2234.1472168
2149.02270508,2148.81738281,2326.95947266,2508.68652344
2150.65307617,2148.92553711,2417.04858398,2547.27856445
2144.19018555,2143.43701172,2204.63012695,2243.13256836
2149.02392578,2153.25073242,1926.7010498,1977.69897461
2161.28735352,2167.64819336,1873.93383789,1996.51940918
2160.70947266,2165.29125977,2027.52307129,2170.22021484
2153.65087891,2157.61206055,2305.84838867,2443.84350586
2161.56518555,2165.65209961,2768.49780273,2835.01416016
2174.56713867,2177.04418945,3270.80224609,3042.85522461
2165.73950195,2170.22241211,3367.76977539,2744.58691406
2142.60083008,2157.46655273,2898.56347656,2162.36523438
2136.42895508,2162.7331543,2274.59667969,1769.83374023
2149.86254883,2179.25244141,1917.12658691,1657.03271484
2160.13110352,2186.10058594,1794.13903809,1656.78833008
2163.88989258,2186.54418945,1742.41870117,1788.41357422
2175.47924805,2196.40429688,1824.09838867,2101.90625
2190.3137207,2211.27075195,2061.76806641,2353.49438477
2191.2097168,2215.92211914,2189.80493164,2292.94287109
2183.19287109,2213.25170898,2025.33129883,2085.59912109
2185.17016602,2216.33618164,1806.47521973,2040.89562988
2195.25219727,2222.40795898,1833.23474121,2109.62011719
2197.05224609,2219.60131836,2046.08349609,2116.37915039
2190.58642578,2210.01806641,2259.08447266,2274.0793457
2187.33959961,2203.53369141,2474.86743164,2809.08227539
2185.47924805,2198.1171875,2666.76464844,3239.93408203
2176.07592773,2186.44433594,2631.26660156,2878.82641602
2162.83447266,2172.4206543,2334.68310547,1998.15588379
2154.32983398,2164.0534668,2017.96008301,1571.47509766
2148.55224609,2160.09741211,1806.63708496,1849.77392578
2141.71801758,2157.32885742,1654.01806641,2137.58691406
2139.63208008,2159.81616211,1656.59802246,2004.45043945
2147.58129883,2170.2800293,1892.06555176,1806.76586914
2160.51416016,2183.15332031,2076.31762695,1947.69128418
2170.6628418,2192.69116211,1956.7722168,2345.65380859
2175.40966797,2197.83666992,1794.55871582,2650.56079102
2176.36254883,2198.29296875,1896.90063477,2569.17236328
2177.68115234,2196.04296875,2085.58422852,2177.12060547
2181.45288086,2196.51245117,2180.7019043,2043.28076172
2182.38452148,2199.11669922,2434.1171875,2546.69335938
2175.92773438,2195.90307617,2907.68408203,3148.59033203
2168.39990234,2186.22216797,3086.90258789,3112.88647461
2166.34570313,2178.85546875,2684.62988281,2658.96801758
2164.82470703,2176.50390625,2157.19287109,2364.51367188
2160.63012695,2175.38818359,1946.96105957,1957.67102051
2162.38037109,2178.11523438,1905.89355469,1124.84155273
2172.9543457,2187.36791992,1835.60375977,880.839904785
2180.50146484,2194.30371094,1878.89831543,2214.46557617
2178.90112305,2192.74243164,2069.96557617,3757.51025391
2176.57592773,2192.21240234,2142.47827148,3098.11816406
2177.67333984,2200.07836914,1992.74682617,704.645996094
2175.79882813,2208.1394043,1830.30419922,-168.511383057
2169.55004883,2209.42529297,1820.41833496,2046.51660156
2165.05126953,2207.42700195,1937.15673828,4902.13769531
2163.97216797,2202.18505859,2065.49169922,4465.78564453
2164.35400391,2191.01879883,2045.73657227,275.171234131
2168.02783203,2183.78833008,1838.24389648,-2147.04223633
2174.62475586,2191.78027344,1666.36535645,2150.25415039
2176.40551758,2205.12475586,1710.51721191,7291.63671875
2169.88354492,2206.00366211,1841.54394531,4077.07641602
2163.20214844,2196.10766602,1961.62060547,-2051.41040039
2163.02880859,2188.60791016,2218.21459961,-52.3850860596
2164.94165039,2185.2800293,2563.24243164,3947.79272461
2165.01391602,2182.0324707,2632.93725586,733.823425293
2168.51708984,2183.35424805,2354.25463867,2827.92749023
2177.28222656,2192.93481445,2087.52441406,20321.9296875
2180.43676758,2201.36816406,2005.92492676,32308.3164063
2170.08374023,2197.9621582,1966.04589844,20364.4296875
2156.81591797,2187.21435547,2002.84863281,2822.40258789
2155.93115234,2182.55444336,2259.57348633,766.176696777
2164.9453125,2187.50610352,2512.04150391,4108.93701172
2169.46240234,2192.21142578,2439.79003906,58.9468688965
2166.87963867,2189.22119141,2193.95043945,-2139.12670898
2167.47460938,2183.59545898,2108.44897461,3946.99584961
2172.59790039,2181.54052734,2161.47680664,7260.11035156
2170.35668945,2178.5793457,2232.39453125,2167.07421875
2157.3828125,2169.50854492,2442.55615234,-2019.40600586
2146.08251953,2160.26245117,2770.41674805,627.443481445
2142.09716797,2156.83227539,2837.25390625,4817.15966797
2133.52270508,2152.97338867,2486.28808594,4940.7734375
2113.80761719,2142.59082031,2073.33349609,1878.66052246
2097.66455078,2132.87890625,1900.49926758,-329.062896729
2100.58276367,2131.83007813,1878.15344238,427.474639893
2115.81494141,2134.08764648,1920.44506836,2709.08251953
2125.3046875,2131.79760742,2145.03369141,3804.32568359
2125.33398438,2129.42285156,2532.07348633,3112.87988281
2127.57861328,2135.37231445,2816.76855469,2281.12597656
2137.03027344,2146.50952148,2821.27099609,2388.12207031
2144.55883789,2153.83227539,2607.44921875,2732.77978516
2145.75415039,2158.05102539,2305.09570313,2401.13574219
2149.09643555,2164.93310547,2002.56604004,1728.65820313
2156.13476563,2169.91699219,1769.1697998,1490.35107422
2154.109375,2165.15917969,1655.22497559,1616.62744141
2139.3215332,2156.82885742,1691.72888184,1621.34716797
2125.61474609,2154.96166992,1873.80895996,1599.07897949
2121.47631836,2153.9909668,2089.41821289,1908.24926758
2122.20507813,2146.18237305,2189.38012695,2347.57983398
2126.67529297,2142.20556641,2194.06542969,2401.88330078
2137.78271484,2153.57519531,2233.23681641,2031.55114746
2150.29272461,2169.65820313,2285.25390625,1717.6385498
2158.66674805,2175.46557617,2269.26318359,1862.48303223
2166.11572266,2174.81860352,2298.05151367,2355.13549805
2171.84741211,2176.08813477,2462.29711914,2655.47900391
2168.06152344,2174.67163086,2554.21411133,2374.30517578
2158.59912109,2166.3449707,2413.5612793,1834.18029785
2156.30102539,2158.51977539,2254.06225586,1734.81884766
2157.62158203,2155.08642578,2254.00341797,2145.34204102
2148.43310547,2148.37597656,2234.96484375,2375.39111328
2135.16821289,2136.17749023,2110.46972656,2093.65600586
2137.2434082,2129.56665039,2133.94116211,1862.29992676
2150.74267578,2135.59936523,2351.4309082,2122.87963867
2155.45581055,2147.265625,2382.05175781,2417.38378906
2152.36157227,2155.85498047,2077.75219727,2223.12744141
2156.02319336,2159.63427734,1827.04162598,1848.29125977
2161.16137695,2159.7421875,1902.44799805,1827.87011719
2157.29663086,2161.0324707,2068.54833984,2064.42431641
2158.71850586,2172.24487305,2104.78417969,2205.23974609
2178.79199219,2192.30859375,2155.28808594,2280.48486328
2198.33666992,2206.85888672,2287.43994141,2391.68530273
2197.27197266,2209.04223633,2250.95239258,2331.49316406
2188.20336914,2207.46582031,1977.91687012,2022.27905273
2187.69091797,2206.59814453,1824.87487793,1815.17687988
2188.21069336,2200.95874023,2019.68469238,1945.73120117
2181.86352539,2192.20605469,2311.25170898,2169.95043945
2177.01245117,2188.1171875,2415.55712891,2224.78930664
2176.03051758,2184.73461914,2384.89428711,2177.19628906
2168.29638672,2172.66650391,2334.73413086,2121.04418945
2153.33300781,2157.55053711,2216.53198242,1995.53710938
2144.80029297,2153.1628418,2042.81323242,1853.87207031
2148.77587891,2159.25708008,1990.4810791,1887.93725586
2156.92529297,2163.92773438,2137.47631836,2081.16137695
2160.67358398,2163.07958984,2342.57055664,2199.29907227
2159.96337891,2163.1784668,2447.83886719,2168.4621582
2159.16381836,2167.54248047,2422.15893555,2130.12426758
2160.72802734,2171.44946289,2306.55102539,2124.4777832
2162.63598633,2171.01147461,2162.18945313,2052.81542969
2161.16967773,2168.09106445,2066.1706543,1950.61108398
2157.10864258,2164.69287109,2069.67626953,1979.49157715
2156.61474609,2160.33203125,2157.93408203,2135.20581055
2162.52758789,2156.88061523,2265.98144531,2232.72631836
2168.20629883,2157.45776367,2313.07519531,2184.11303711
2165.88598633,2158.72290039,2246.52124023,2075.56054688
2157.2980957,2153.42504883,2098.01513672,1993.80859375
2148.54614258,2142.20068359,1967.8828125,1948.61328125
2140.39794922,2134.2800293,1914.22607422,1935.46557617
2133.07763672,2135.26245117,1907.97924805,1962.00256348
2132.64160156,2141.73852539,1923.70532227,2029.32958984
2141.76660156,2149.34228516,1975.7755127,2112.73461914
2152.44360352,2158.29467773,2028.30224609,2149.00390625
2156.66894531,2166.87963867,2005.42944336,2098.93554688
2155.86962891,2167.69628906,1939.18322754,2037.17248535
2154.453125,2158.68457031,1950.37731934,2070.95385742
2152.76586914,2149.13354492,2045.75915527,2161.69726563
2149.40551758,2144.19946289,2121.41186523,2178.04931641
2144.45996094,2136.12402344,2177.60961914,2126.68383789
2139.97900391,2123.12207031,2290.26293945,2133.86987305
2138.99829102,2118.29931641,2376.51904297,2187.3137207
2141.74731445,2125.84692383,2281.96801758,2132.23266602
2143.38012695,2131.05444336,2086.76806641,1957.45678711
2138.34521484,2125.97021484,2009.43566895,1834.59570313
2126.54833984,2119.88525391,2060.39501953,1836.84765625
2114.97680664,2117.64086914,2121.68505859,1871.7623291
2112.67529297,2114.21826172,2235.30151367,1901.13745117
2120.95483398,2111.77319336,2442.06787109,1968.94458008
2131.00830078,2116.21166992,2536.72680664,2038.15539551
2135.89526367,2121.25268555,2375.58081055,2047.6463623
2138.40991211,2118.3894043,2183.88574219,2057.74243164
2141.91210938,2113.57910156,2202.62866211,2127.56323242
2144.33081055,2115.52685547,2324.26342773,2187.32983398
2146.48999023,2120.01269531,2364.94262695,2196.58178711
2153.05419922,2121.39794922,2345.64404297,2218.33154297
2161.41455078,2125.23193359,2283.93286133,2227.13964844
2163.17138672,2135.21801758,2094.47802734,2124.87280273
2157.67675781,2142.04956055,1852.22033691,2002.88000488
2151.75585938,2138.57543945,1769.69128418,2044.45458984
2148.2590332,2132.58203125,1834.97192383,2159.41137695
2145.73095703,2132.40478516,1842.1270752,2113.96459961
2144.77856445,2133.27978516,1770.69226074,1990.93457031
2146.17358398,2129.85620117,1758.49145508,2070.18310547
2148.44189453,2129.30224609,1772.18359375,2295.46411133
2151.77001953,2138.97680664,1692.6072998,2342.34594727
2156.3371582,2150.83886719,1618.30871582,2189.35058594
2156.17895508,2151.08618164,1705.2421875,2144.07397461
2145.75390625,2140.05371094,1848.48327637,2298.62011719
2131.8984375,2130.98706055,1882.96875,2404.62890625
2126.89404297,2130.52197266,1909.36206055,2332.82739258
2130.88208008,2131.54833984,2064.11621094,2251.62231445
2133.81494141,2128.19750977,2184.2512207,2245.65625
2133.26489258,2126.54931641,2059.46728516,2126.66625977
2136.66113281,2132.6262207,1818.55957031,1819.55249023
2146.08862305,2140.37548828,1741.93383789,1621.79040527
2154.7590332,2143.21777344,1866.32189941,1799.76879883
2159.94238281,2147.45483398,2041.88049316,2165.11572266
2165.84008789,2160.19213867,2199.43579102,2345.57202148
2171.71142578,2173.83447266,2320.70629883,2278.76660156
2171.07714844,2177.52392578,2319.90063477,2167.56689453
2164.90014648,2174.05493164,2179.71166992,2132.72119141
2162.04370117,2171.41625977,2053.74951172,2145.68798828
2165.13867188,2168.27270508,2054.44262695,2158.5012207
2167.71533203,2160.33105469,2094.23876953,2151.32202148
2164.63720703,2150.52832031,2075.578125,2151.43823242
2156.33642578,2143.41503906,2053.09301758,2211.51123047
2146.39501953,2139.03295898,2074.89624023,2274.53710938
2140.67651367,2137.06469727,2066.03442383,2198.94189453
2142.61083984,2137.94726563,2009.58288574,2039.03015137
2147.4621582,2139.46313477,2035.05041504,2041.37182617
2148.87646484,2140.27783203,2182.35351563,2215.90820313
2148.43652344,2143.46166992,2296.10620117,2284.21020508
2150.06860352,2149.47680664,2307.63476563,2225.79614258
2151.42504883,2152.08007813,2388.65307617,2378.78076172
2150.23901367,2148.30908203,2633.8996582,2754.53515625
2150.79516602,2145.22119141,2805.55029297,2822.60620117
2155.31445313,2149.56445313,2637.13720703,2323.140625
2158.71459961,2158.03442383,2252.54223633,1749.51843262
2159.03857422,2164.67236328,2013.86889648,1624.20837402
2161.90991211,2170.40551758,2015.28076172,1796.14099121
2169.69946289,2178.13867188,2039.4140625,1905.19348145
2178.45751953,2185.57421875,2041.07592773,2078.06982422
2187.10668945,2189.73339844,2273.89672852,2591.8203125
2196.25585938,2192.47802734,2751.05053711,3164.09936523
2200.45898438,2196.375,3013.7487793,3212.15283203
2196.0715332,2200.07202148,2769.29003906,2705.83325195
2190.27929688,2200.52001953,2352.00146484,2201.54663086
2188.86352539,2196.3449707,2165.8737793,2033.12585449
2186.22460938,2189.12402344,2097.29321289,1985.3503418
2179.30029297,2182.98901367,1914.89501953,1867.12878418
2176.12036133,2180.6237793,1815.01660156,1896.20092773
2180.41625977,2180.00708008,2072.98706055,2231.94799805
2183.97753906,2178.40307617,2495.35839844,2542.68261719
2181.2277832,2176.515625,2673.88891602,2451.48852539
2176.02636719,2174.75073242,2539.89624023,2114.67431641
2170.86816406,2170.25170898,2320.06201172,1925.10705566
2163.36523438,2161.78588867,2142.45458984,1913.4465332
2154.81274414,2152.98754883,1964.40966797,1868.21899414
2151.69677734,2148.24291992,1774.30541992,1775.0111084
2157.88256836,2148.96020508,1682.02160645,1769.30187988
2169.85375977,2153.26611328,1817.51452637,1902.39794922
2178.61987305,2156.13354492,2146.12817383,2142.11865234
2177.5168457,2154.04589844,2404.82592773,2360.39331055
2171.55517578,2152.59912109,2366.8828125,2365.13793945
2173.2175293,2160.8894043,2152.24926758,2183.61938477
2184.08056641,2175.11621094,2036.28552246,2062.38037109
2191.45629883,2180.98681641,2014.3939209,2031.65148926
2189.68774414,2176.0012207,1906.98132324,1919.36218262
2188.46362305,2171.85986328,1799.5246582,1832.39257813
2191.09570313,2171.52148438,1927.42614746,2018.46875
2185.76489258,2166.19140625,2201.40576172,2305.82861328
2170.51635742,2158.63989258,2310.80151367,2325.68237305
2162.54980469,2163.015625,2225.90380859,2145.87353516
2168.34130859,2176.52124023,2176.39941406,2088.02319336
2171.52294922,2179.63574219,2232.4597168,2157.66064453
2165.48754883,2170.28662109,2287.75756836,2177.20043945
2167.52612305,2168.32202148,2343.13671875,2182.45336914
2183.70703125,2178.86791992,2480.19140625,2255.68334961
2191.54443359,2180.67626953,2649.59277344,2282.45263672
2176.14599609,2160.81884766,2715.95068359,2190.03710938
2154.64672852,2135.41601563,2633.92407227,2108.8125
2147.6159668,2124.55615234,2471.73852539,2113.77587891
2150.93408203,2126.45703125,2344.63183594,2134.93334961
2150.73242188,2128.21240234,2332.87963867,2181.78393555
2146.30883789,2127.59472656,2387.77026367,2311.4831543
2144.78076172,2130.74487305,2386.64648438,2411.34716797
2146.32666016,2136.39428711,2317.28198242,2351.40673828
2147.01904297,2137.65161133,2266.24609375,2243.55053711
2149.95922852,2138.28320313,2242.7980957,2248.97167969
2162.28759766,2151.15820313,2218.84570313,2304.58129883
2180.71777344,2175.64697266,2267.09643555,2291.29760742
2189.72680664,2192.04760742,2415.68017578,2252.93310547
2180.02294922,2187.1730957,2511.27539063,2255.17382813
2161.77490234,2171.41455078,2478.99902344,2252.56420898
2151.22558594,2160.80883789,2481.63037109,2212.07763672
2150.37573242,2156.17773438,2578.39990234,2170.29882813
2150.20068359,2150.70825195,2566.36108398,2143.78442383
2147.71020508,2144.87255859,2390.61694336,2140.05981445
2146.57763672,2141.83374023,2286.9465332,2189.35473633
2145.69189453,2138.75219727,2323.26977539,2257.90209961
2140.97875977,2133.15649414,2284.29150391,2263.57250977
2134.1027832,2128.11279297,2138.73583984,2216.078125
2127.94897461,2124.16113281,2110.13500977,2181.30883789
2122.09838867,2119.15966797,2241.02563477,2157.57641602
2121.34521484,2119.38476563,2367.50854492,2145.43383789
2132.55639648,2131.47900391,2460.52416992,2206.47583008
2146.57714844,2143.62744141,2573.42626953,2320.60522461
2146.21972656,2140.43188477,2605.44433594,2356.64038086
2134.88598633,2131.09790039,2442.48266602,2253.48999023
2129.49511719,2131.93847656,2147.79663086,2074.17651367
2129.20336914,2134.03417969,1846.29724121,1906.82067871
2123.37817383,2124.47485352,1626.19018555,1826.8972168
2119.95703125,2119.36132813,1569.56298828,1863.99914551
2130.99121094,2135.62915039,1671.52990723,1965.73010254
2144.21948242,2154.62426758,1804.50646973,2096.08935547
2142.00366211,2152.96826172,1901.91271973,2278.57714844
2132.17578125,2142.17822266,2015.12011719,2435.8293457
2132.3671875,2142.84057617,2126.02856445,2403.94799805
2141.42382813,2149.43383789,2139.71362305,2220.88500977
2147.66162109,2149.84985352,2087.89477539,2119.21630859
2148.60229492,2149.49755859,2101.87036133,2155.82592773
2148.40942383,2153.82226563,2208.09375,2178.07250977
2148.53686523,2154.04101563,2349.10083008,2172.8137207
2146.02783203,2143.12280273,2506.28320313,2254.19458008
2134.4284668,2124.12890625,2627.07275391,2315.5637207
2112.38012695,2102.23193359,2589.59545898,2132.30395508
2093.58056641,2086.70410156,2394.62988281,1800.55883789
2093.48242188,2089.78149414,2219.00610352,1647.51037598
2106.81542969,2106.70849609,2181.9543457,1738.57299805
2115.83300781,2114.31640625,2232.77929688,1854.77734375
2114.77587891,2102.7121582,2297.65576172,1889.32092285
2108.25317383,2087.01831055,2376.00756836,1950.22119141
2097.04248047,2079.54907227,2486.84350586,2130.71630859
2083.66625977,2076.01464844,2596.5715332,2349.72607422
2079.59741211,2075.30444336,2603.61767578,2396.41821289
2091.50561523,2085.37402344,2455.52978516,2175.58251953
2109.50439453,2102.40600586,2272.4765625,1899.86547852
2118.27441406,2109.21459961,2194.78955078,1831.02160645
2114.12036133,2101.96533203,2204.51049805,1950.5045166
2106.8605957,2097.2824707,2318.53881836,2192.63256836
2107.47412109,2106.05810547,2677.3059082,2659.09204102
2116.3671875,2118.49414063,3140.57348633,3181.94726563
2124.84448242,2121.08935547,3229.46850586,3206.08203125
2126.01635742,2113.81103516,2810.60107422,2594.69824219
2121.04199219,2106.56420898,2341.93969727,1959.55908203
2115.94580078,2107.97387695,2181.75170898,1796.42700195
2114.35205078,2117.2253418,2207.39379883,1932.7689209
2113.53442383,2123.85961914,2263.72241211,2078.27661133
2109.61621094,2120.88720703,2386.99658203,2230.55053711
2104.73022461,2114.41430664,2490.10375977,2355.94580078
2102.84570313,2111.5090332,2378.62792969,2295.49267578
2103.12670898,2109.70117188,2133.90869141,2109.62695313
2105.40551758,2109.00097656,2041.14221191,2041.37902832
2113.13745117,2116.47753906,2153.36230469,2133.57177734
2123.20581055,2128.75244141,2279.06079102,2238.92993164
2125.79370117,2131.27490234,2326.35253906,2295.75634766
2119.81494141,2122.12280273,2360.10400391,2317.94775391
2115.24023438,2115.84863281,2417.58789063,2303.3605957
2119.09692383,2121.34960938,2502.86035156,2321.39306641
2128.21459961,2132.07177734,2638.53930664,2424.66577148
2132.75195313,2136.80224609,2762.69775391,2445.00537109
2126.37915039,2132.46557617,2739.92822266,2232.52050781
2117.07006836,2128.44897461,2561.62133789,1983.80883789
2117.15795898,2135.17773438,2350.62207031,1927.07739258
2122.72412109,2148.65820313,2182.43798828,1950.61486816
2124.65478516,2158.93823242,2095.78515625,1949.7376709
2130.85839844,2167.55786133,2154.49707031,2100.57568359
2147.30004883,2177.90209961,2299.8046875,2392.98754883
2157.63305664,2182.04980469,2337.14233398,2460.05078125
2153.91455078,2177.14916992,2223.11254883,2223.29638672
2155.61572266,2175.64526367,2112.98242188,2067.07910156
2170.75952148,2184.40209961,2061.06030273,2130.29248047
2178.90771484,2195.05395508,2006.54760742,2141.62036133
2170.73974609,2199.90063477,2045.4486084,2083.5925293
2161.18994141,2197.33544922,2310.51733398,2227.84936523
2157.59814453,2187.76855469,2620.83154297,2462.46020508
2153.93359375,2178.04052734,2669.64331055,2396.83862305
2150.10302734,2174.3815918,2482.41894531,2102.33691406
2148.13354492,2168.96142578,2293.85449219,1970.81311035
2145.25976563,2156.6862793,2137.49804688,1999.20812988
2145.38427734,2153.53051758,1965.71875,1957.15393066
2154.69970703,2168.95776367,1937.2677002,1969.06616211
2164.5300293,2182.27001953,2147.65234375,2213.796875
2163.17456055,2176.45678711,2333.39916992,2428.38769531
2156.24145508,2166.56811523,2265.15161133,2356.45800781
2152.77954102,2167.3684082,2141.63305664,2229.80859375
2147.0559082,2166.26391602,2202.24609375,2263.46826172
2134.53686523,2153.41113281,2308.77856445,2245.41137695
2127.4543457,2145.22680664,2302.84692383,2096.61132813
2135.07275391,2153.73291016,2349.92456055,2149.20019531
2144.97338867,2162.0534668,2520.33984375,2431.14648438
2141.60131836,2153.40576172,2518.39038086,2456.34619141
2130.16552734,2139.38378906,2237.58959961,2115.78540039
2126.14501953,2137.59082031,2026.84436035,1902.44824219
2131.41455078,2143.15795898,2044.1583252,1969.87231445
2136.18847656,2143.88647461,2014.68115234,1973.53039551
2137.69482422,2143.52148438,1911.39587402,1972.50866699
2142.01342773,2148.82373047,2080.72729492,2338.46191406
2150.29443359,2152.17700195,2490.93286133,2800.2121582
2155.87866211,2146.44970703,2694.89550781,2770.25463867
2155.08398438,2139.44824219,2597.82373047,2389.91894531
2151.44946289,2138.30200195,2455.44482422,2158.19873047
2148.82421875,2138.02148438,2270.18188477,2029.85327148
2147.26586914,2136.48535156,1953.73852539,1818.83007813
2145.6315918,2140.62597656,1753.74597168,1760.08728027
2142.97338867,2149.78613281,1859.77404785,1953.76220703
2139.08642578,2153.39819336,2029.85754395,2094.40966797
2137.38183594,2150.51879883,2079.66186523,2139.47729492
2142.68920898,2151.92675781,2190.53710938,2333.91113281
2153.29614258,2159.82910156,2409.09033203,2506.97998047
2161.51904297,2163.79907227,2447.64013672,2296.07006836
2163.17993164,2158.16552734,2224.78808594,1913.03942871
2160.49804688,2149.09155273,2042.32409668,1808.40698242
2159.25415039,2146.39355469,2069.64331055,1919.56787109
2165.83959961,2155.44287109,2169.22412109,2015.49108887
2176.27783203,2168.45727539,2323.33398438,2257.08862305
2173.32861328,2166.38891602,2705.68847656,2718.05957031
2154.46044922,2147.11791992,3203.74487305,2964.92700195
2144.93432617,2136.74511719,3357.59228516,2706.11376953
2154.08374023,2146.22875977,2960.95825195,2248.4050293
2154.65454102,2149.47265625,2377.09643555,1954.32177734
2142.30224609,2139.88061523,2103.61621094,1875.28466797
2154.89990234,2152.06616211,2240.20507813,2005.99353027
2187.83837891,2181.80053711,2496.3046875,2279.92504883
2177.77612305,2167.47021484,2622.42333984,2462.68066406
2124.58666992,2108.17626953,2676.09912109,2501.82446289
2117.83447266,2094.02001953,2742.32641602,2548.16064453
2179.93847656,2153.21801758,2605.6706543,2454.19165039
2213.17675781,2193.5246582,2112.32250977,2006.28137207
2171.18115234,2166.08056641,1646.03015137,1587.80664063
2141.08300781,2149.8894043,1632.57922363,1682.4029541
2179.98046875,2197.71704102,1829.17138672,2022.31616211
2216.2902832,2240.12182617,1814.83435059,2141.75952148
2196.79223633,2224.82958984,1783.88830566,2201.34790039
2186.56787109,2213.12670898,2054.15380859,2433.58251953
2228.78515625,2248.04150391,2300.29785156,2520.65161133
2244.05688477,2257.95751953,2100.390625,2230.5234375
2177.13745117,2193.29931641,1704.44189453,1917.42797852
2116.38183594,2139.02929688,1547.07202148,1892.83178711
2148.09838867,2175.95825195,1569.45275879,1981.91577148
2206.60180664,2236.93188477,1583.29089355,1992.56286621
2192.48046875,2222.89013672,1700.35961914,2027.89904785
2134.57763672,2163.69262695,1961.53735352,2159.68066406
2113.60791016,2142.33422852,2115.95092773,2255.92675781
2123.47729492,2154.4831543,2065.91552734,2235.31054688
2120.6340332,2158.01660156,2006.41003418,2166.12207031
2121.828125,2170.79101563,2008.01928711,2096.2512207
2156.41235352,2217.56616211,1984.10241699,2042.76953125
2195.3046875,2259.64526367,2030.82202148,2086.52929688
2197.97070313,2254.12329102,2256.18237305,2225.89550781
2173.51586914,2218.81958008,2416.99169922,2266.40551758
2155.49902344,2194.72363281,2256.00292969,2110.55297852
2158.06103516,2194.84082031,1957.68383789,1946.43115234
2172.22192383,2207.15917969,1791.25219727,1909.17468262
2180.38012695,2214.46435547,1672.55725098,1881.8927002
2175.47558594,2211.02587891,1519.5435791,1852.95751953
2170.9777832,2209.67993164,1554.25964355,2024.68518066
2178.12426758,2219.11743164,1840.95898438,2362.68481445
2184.08789063,2224.78881836,2055.77929688,2539.55249023
2174.54492188,2214.15258789,2025.94714355,2458.2355957
2159.84350586,2199.48486328,1954.15344238,2330.54174805
2156.50219727,2194.53369141,1968.82788086,2255.50415039
2161.125,2193.2668457,2019.21008301,2214.32861328
2160.34814453,2186.60864258,2186.89282227,2316.46899414
2151.99291992,2177.18481445,2533.24365234,2591.85009766
2144.20263672,2169.70922852,2791.56982422,2785.34667969
2141.78320313,2164.25097656,2700.56103516,2681.61328125
2140.98876953,2161.12646484,2380.28393555,2345.97070313
2137.72021484,2162.78271484,2039.6072998,1948.21655273
2135.41821289,2170.73388672,1716.11657715,1692.35827637
2136.31347656,2180.38623047,1523.87487793,1805.34155273
2131.04858398,2179.72460938,1652.62182617,2227.82080078
2113.45385742,2163.09594727,1966.77319336,2553.52026367
2097.23339844,2143.99365234,2099.18554688,2561.92382813
2098.21484375,2140.28564453,2017.85693359,2490.97412109
2112.37475586,2153.13623047,2043.8458252,2596.64648438
2126.38061523,2170.71630859,2282.61669922,2791.41748047
2129.81762695,2178.59814453,2473.60400391,2862.76074219
2112.84008789,2165.03955078,2455.90014648,2780.07788086
2081.27929688,2138.08349609,2374.5090332,2657.13452148
2066.16845703,2127.95092773,2329.86523438,2570.43847656
2083.90869141,2146.83300781,2255.76831055,2581.38256836
2107.40185547,2167.57543945,2285.74829102,2845.89697266
2108.78588867,2165.62304688,2705.57495117,3399.30957031
2096.8996582,2149.66210938,3320.11181641,3863.17895508
2085.9909668,2133.93725586,3480.14624023,3794.69506836
2072.44580078,2121.71240234,2994.39746094,3315.11450195
2064.5378418,2126.55004883,2377.47827148,2922.81494141
2086.20532227,2164.58569336,2027.0760498,2799.48510742
2130.79760742,2216.859375,1860.68518066,2802.45825195
2153.76196289,2238.14331055,1837.74365234,2891.33374023
2130.31518555,2211.39086914,2074.16723633,3050.64135742
2089.359375,2167.58935547,2384.39941406,3111.37695313
2073.12939453,2145.78491211,2400.41235352,3047.70605469
2085.10083008,2150.51538086,2161.71362305,3064.32861328
2097.43383789,2158.02270508,2041.38903809,3171.67822266
2095.69458008,2154.11303711,2154.95385742,3159.375
2090.26953125,2147.50756836,2297.38793945,3075.23950195
2088.27636719,2146.32910156,2364.375,3174.30932617
2082.7512207,2144.76245117,2450.75683594,3393.15649414
2073.06640625,2140.37036133,2602.35400391,3434.41210938
2070.3503418,2141.39160156,2739.47290039,3282.06835938
2074.39355469,2145.66479492,2772.48339844,3113.33447266
2066.38745117,2134.66772461,2663.1784668,2905.15600586
2038.33105469,2104.3515625,2457.24389648,2618.10083008
2014.69006348,2082.49658203,2286.44873047,2478.14379883
2024.77416992,2094.17871094,2245.02172852,2637.69702148
2060.43164063,2124.15454102,2329.07275391,2893.77905273
2084.84594727,2137.86352539,2548.2878418,3048.41845703
2081.51538086,2128.38061523,2885.00341797,3146.33056641
2068.07128906,2115.2578125,3110.62915039,3186.79638672
2061.34912109,2107.58764648,2972.64599609,3060.35620117
2057.7409668,2098.70336914,2597.18115234,2858.49414063
2051.5559082,2088.6965332,2353.26806641,2803.13256836
2046.82177734,2083.05615234,2345.0234375,2867.18237305
2045.43322754,2076.98803711,2403.1730957,2864.22021484
2041.48571777,2064.55273438,2475.8828125,2815.12841797
2031.71459961,2053.38378906,2622.36132813,2833.62670898
2022.71398926,2053.64160156,2717.98608398,2797.28149414
2025.09472656,2064.34106445,2565.52050781,2534.75415039
2040.30944824,2078.85058594,2258.08862305,2214.2578125
2054.43066406,2089.28051758,2103.55615234,2166.00585938
2053.80712891,2086.40649414,2204.51416016,2410.56469727
2047.60949707,2073.79663086,2388.52514648,2691.72851563
2057.03344727,2072.02856445,2535.53369141,2876.30175781
2078.01928711,2086.77783203,2681.41235352,3001.77392578
2082.25512695,2093.44873047,2776.92797852,3012.88476563
2065.2722168,2079.73608398,2668.51000977,2795.49951172
2057.62158203,2071.13745117,2412.22021484,2466.47900391
2072.85229492,2083.90332031,2287.99951172,2302.1550293
2087.04272461,2095.1015625,2378.99658203,2345.99194336
2087.01269531,2090.34057617,2468.79174805,2410.40478516
2089.65014648,2089.94799805,2473.18554688,2464.61621094
2097.04052734,2099.53369141,2564.80004883,2601.56176758
2086.39794922,2092.68481445,2720.23291016,2646.8527832
2060.12402344,2067.17578125,2638.78173828,2359.36474609
2052.32836914,2057.90795898,2312.07177734,1988.37133789
2073.22558594,2075.73364258,2129.28735352,1991.65393066
2096.61621094,2093.04003906,2224.24780273,2306.48291016
2107.93334961,2099.20556641,2319.30883789,2568.04760742
2117.58447266,2110.97924805,2339.57958984,2780.86230469
2127.12573242,2126.58422852,2485.63232422,3053.00170898
2125.63696289,2126.16796875,2627.7956543,3065.62573242
2114.1953125,2111.15209961,2388.56665039,2567.17675781
2099.05102539,2094.11376953,1871.15319824,1980.30200195
2076.36572266,2069.68774414,1588.95117188,1852.76391602
2052.20092773,2039.40649414,1693.39379883,2108.31958008
2050.63916016,2032.81445313,1885.96130371,2328.93139648
2076.9699707,2063.29077148,1969.21374512,2370.15527344
2105.56298828,2101.18286133,1967.64587402,2350.55395508
2121.47192383,2121.71533203,1892.32629395,2376.9831543
2134.75024414,2134.83203125,1776.16186523,2469.63623047
2144.7890625,2146.84399414,1731.50463867,2531.16235352
2136.88208008,2143.19189453,1767.91772461,2432.39233398
2118.76196289,2124.7565918,1792.46972656,2267.74365234
2114.51660156,2114.21899414,1807.13964844,2244.49121094
2123.43920898,2118.07373047,1850.08703613,2272.51806641
2125.90844727,2120.54492188,1890.91821289,2171.35083008
2121.47119141,2115.1640625,2022.4420166,2201.76757813
2124.80810547,2112.50097656,2439.74511719,2640.77368164
2135.25219727,2119.01708984,2993.74584961,3018.4609375
2139.09155273,2127.17089844,3201.28662109,2726.78100586
2131.41088867,2125.03491211,2930.0168457,2115.21020508
2117.94677734,2109.71386719,2593.38256836,1939.93334961
2106.23095703,2092.67041016,2493.38305664,2106.31396484
2102.03027344,2087.33642578,2486.81420898,2031.94384766
2103.45507813,2090.03051758,2419.63330078,1774.21948242
2100.98364258,2085.95825195,2359.31347656,1737.93432617
2093.86132813,2075.84204102,2303.17285156,1787.45812988
2095.00805664,2076.36962891,2137.46655273,1609.91259766
2109.30712891,2090.34204102,1939.96618652,1437.79992676
2124.2878418,2100.56323242,1919.9642334,1612.86462402
2130.74975586,2098.63916016,2053.65966797,1925.52246094
2133.2421875,2095.29052734,2110.57617188,2003.01794434
2135.37207031,2097.27978516,2010.70947266,1905.97839355
2133.50439453,2097.32397461,1888.00366211,1882.84277344
2128.22558594,2092.59350586,1858.33007813,1930.33666992
2127.98730469,2093.64306641,1945.17529297,1950.89453125
2136.421875,2105.08544922,2146.52880859,2004.48706055
2142.24902344,2110.58227539,2371.86230469,2117.79003906
2131.34863281,2093.36499023,2421.00683594,2136.70385742
2110.72436523,2065.80175781,2227.28759766,1998.82580566
2104.68139648,2056.48779297,2000.96911621,1870.62390137
2120.08154297,2070.19482422,1935.88305664,1830.50683594
2137.55957031,2087.48779297,1940.53552246,1742.03039551
2144.90771484,2099.66992188,1879.45788574,1614.0291748
2150.56738281,2111.64746094,1857.18078613,1690.68200684
2157.53930664,2117.81567383,1984.94628906,1988.3894043
2155.56518555,2109.78735352,2111.73461914,2181.77758789
2144.32373047,2098.09838867,2102.30908203,2142.20166016
2136.61376953,2097.15405273,2117.47021484,2113.93432617
2137.21313477,2102.80151367,2291.97265625,2195.79052734
2139.26220703,2104.66796875,2439.7355957,2179.17797852
2138.82885742,2102.38745117,2412.18945313,2048.31103516
2139.08520508,2098.13989258,2396.74194336,2073.81201172
2142.71362305,2090.90673828,2520.64233398,2258.87792969
2146.48608398,2082.16430664,2550.14892578,2257.02905273
2143.77514648,2075.14794922,2321.49633789,1982.84008789
2134.23974609,2071.58154297,2065.33276367,1762.76269531
2128.11938477,2074.59863281,2003.86230469,1764.65429688
2133.93457031,2086.54394531,2044.55432129,1809.94885254
2146.48657227,2102.28417969,2100.36303711,1838.0333252
2155.84594727,2113.60693359,2258.19067383,2007.91101074
2161.97167969,2119.44506836,2453.984375,2251.18652344
2169.7175293,2124.36376953,2450.1730957,2274.85400391
2174.91186523,2128.45385742,2269.11401367,2095.81347656
2168.74023438,2126.03320313,2199.43554688,2037.55212402
2155.15307617,2116.25195313,2306.79223633,2152.04614258
2149.46313477,2107.56689453,2382.58911133,2196.86889648
2155.48828125,2104.86572266,2375.37988281,2169.5480957
2160.05444336,2101.23730469,2406.70727539,2262.84521484
2157.49121094,2093.81176758,2397.24560547,2349.85668945
2159.22558594,2094.2722168,2162.50878906,2152.60498047
2168.97875977,2108.10522461,1825.30249023,1820.37719727
2173.93383789,2121.25146484,1664.05700684,1707.66809082
2172.24731445,2124.37670898,1663.0592041,1765.95214844
2179.82568359,2128.84912109,1669.39208984,1777.20263672
2198.44042969,2142.62915039,1785.01245117,1877.60632324
2208.20507813,2153.41381836,2107.14111328,2201.33178711
2200.54003906,2149.65600586,2347.61791992,2409.21337891
2189.3659668,2138.79199219,2228.81030273,2227.86694336
2185.6640625,2134.94897461,1968.39892578,1988.59387207
2186.3996582,2140.98681641,1898.73400879,2030.24804688
2187.95410156,2147.74072266,1957.02783203,2139.74487305
2190.82080078,2147.3449707,1984.97351074,2122.69482422
2194.76782227,2145.08520508,2106.46435547,2225.57104492
2200.77001953,2151.546875,2367.07568359,2483.06201172
2210.31396484,2163.02734375,2437.52807617,2440.73266602
2218.85620117,2165.37988281,2113.95263672,1996.32434082
2220.52783203,2158.9831543,1712.94055176,1687.72375488
2217.56347656,2157.7175293,1597.46875,1777.57067871
2213.21289063,2160.66650391,1705.22729492,1915.08435059
2203.12426758,2151.95922852,1838.70617676,1940.66503906
2188.6328125,2133.89990234,1991.70654297,2108.15527344
2186.86572266,2131.49926758,2134.97119141,2370.07104492
2207.98657227,2153.98925781,2105.09423828,2364.52099609
2233.28149414,2177.06005859,1910.09667969,2163.51416016
2237.54272461,2177.07324219,1777.18701172,2177.64868164
2223.79833984,2162.80273438,1809.83874512,2386.78564453
2213.68530273,2156.61425781,1920.52685547,2444.15332031
2212.61523438,2159.62451172,2059.86010742,2363.1484375
2209.11425781,2156.87719727,2204.56787109,2393.87768555
2202.23974609,2148.4206543,2237.8996582,2457.09716797
2202.80419922,2149.53564453,2113.63720703,2321.81689453
2208.36035156,2160.25512695,1987.77636719,2099.06420898
2203.23291016,2161.98974609,1988.63537598,2047.40026855
2187.52661133,2151.22485352,2036.35302734,2119.86572266
2182.17919922,2149.05004883,2030.80383301,2110.22460938
2197.57958984,2165.92553711,2027.36462402,2038.92724609
2217.89892578,2183.97119141,2099.4296875,2048.91821289
2225.30004883,2187.53735352,2171.63452148,2076.66015625
2221.82714844,2185.76293945,2121.76708984,1960.70581055
2218.19287109,2190.98876953,2000.7644043,1816.08081055
2215.40722656,2197.02319336,2017.32006836,1942.43054199
2208.01025391,2192.61132813,2229.35498047,2286.42602539
2197.42944336,2180.97924805,2387.59423828,2397.45507813
2191.98803711,2174.16821289,2289.87744141,2122.32275391
2194.64697266,2175.94238281,2137.98120117,1875.53894043
2198.3659668,2179.29736328,2211.75683594,1933.55761719
2196.91870117,2178.75488281,2385.125,2045.19494629
2193.99267578,2177.22412109,2425.23754883,2076.26489258
2194.97363281,2177.30615234,2508.10644531,2304.17382813
2195.41894531,2173.47705078,2831.25463867,2676.53686523
2187.92578125,2161.86450195,3031.43383789,2624.81933594
2176.64648438,2151.30737305,2720.05419922,2064.26049805
2172.078125,2151.73510742,2248.65307617,1692.66943359
2173.58935547,2157.36181641,2153.33740234,1854.30102539
2172.63378906,2157.47265625,2252.83520508,2030.1328125
2171.5871582,2156.72851563,2118.25439453,1876.57275391
2180.47875977,2164.78344727,1945.32446289,1796.5078125
2197.38745117,2175.59057617,2099.35717773,2034.08227539
2212.98608398,2180.47436523,2300.07885742,2165.4128418
2227.8503418,2187.421875,2107.02099609,1952.94519043
2242.64550781,2201.61303711,1750.28894043,1823.62072754
2244.79321289,2207.14233398,1719.65905762,2064.64575195
2229.64624023,2195.12988281,1962.44677734,2335.59204102
2215.92407227,2184.1640625,2163.11669922,2374.81494141
2216.91699219,2187.07177734,2403.20532227,2476.06616211
2220.58862305,2188.33544922,2868.94506836,2846.98852539
2216.93554688,2177.54467773,3227.18505859,3096.02368164
2214.71264648,2170.02978516,2989.24023438,2828.16967773
2215.61157227,2173.15209961,2334.56616211,2311.01831055
2205.78222656,2168.83496094,1931.48840332,2066.80615234
2186.23022461,2149.28173828,2007.83544922,2120.24560547
2177.97509766,2134.48339844,2184.32177734,2131.13745117
2186.1862793,2135.87280273,2179.34204102,2021.25732422
2190.70947266,2136.21777344,2098.37841797,1971.84631348
2181.01000977,2123.72290039,2037.2064209,1988.12182617
2171.47802734,2114.578125,1938.48962402,1940.46643066
2173.35229492,2122.16723633,1870.23022461,1890.92834473
2177.20458984,2132.13916016,2008.44885254,1982.55358887
2173.86669922,2129.125,2301.61645508,2138.65112305
2171.71264648,2123.72485352,2460.54199219,2163.15527344
2179.76611328,2130.62084961,2321.45214844,2021.41271973
2189.04663086,2141.05639648,2040.05969238,1852.48510742
2186.97509766,2141.2800293,1890.9041748,1795.97302246
2180.46923828,2140.62255859,1964.39172363,1871.97265625
2185.85180664,2154.79394531,2120.23730469,1982.26806641
2201.34936523,2175.03515625,2200.90185547,2026.60778809
2211.08251953,2181.55444336,2182.19262695,2007.69873047
2213.86645508,2177.55419922,2112.83203125,1990.72839355
2223.64111328,2182.16625977,2037.77978516,2009.29321289
2239.76708984,2196.16992188,1997.47363281,2051.28613281
2242.19995117,2201.19580078,2004.53234863,2092.67163086
2223.00048828,2190.64501953,2040.44812012,2122.7109375
2200.59570313,2178.4921875,2108.1550293,2141.97631836
2192.45800781,2175.33911133,2192.10717773,2127.57421875
2192.37792969,2174.54467773,2189.37939453,2045.12939453
2188.86621094,2169.66894531,2044.55578613,1930.15258789
2188.81787109,2170.23461914,1886.37194824,1871.70959473
2201.51025391,2184.61450195,1843.25732422,1882.06787109
2213.19384766,2198.55395508,1857.19421387,1904.98364258
2206.36157227,2193.98950195,1871.34204102,1949.5880127
2193.68261719,2181.44750977,1973.26928711,2042.70263672
2199.01245117,2184.57128906,2139.76831055,2092.22485352
2214.86450195,2199.44946289,2143.91992188,2014.73596191
2217.47705078,2203.85839844,1938.42053223,1920.42041016
2212.37841797,2199.30664063,1786.48535156,1947.91186523
2220.76367188,2204.32617188,1831.21569824,2048.70092773
2233.64306641,2213.55761719,1920.81469727,2136.05566406
2227.13989258,2205.73364258,1969.06286621,2232.3762207
2208.70336914,2185.01635742,2054.51367188,2293.5012207
2201.4152832,2173.7253418,2115.47314453,2176.89599609
2201.53515625,2173.66503906,1994.69189453,1928.81799316
2195.45800781,2172.33447266,1780.9765625,1782.06726074
2193.61767578,2173.60717773,1709.07397461,1800.43994141
2206.625,2186.32055664,1802.63574219,1862.25927734
2216.14160156,2197.54003906,1933.17297363,1952.76257324
2204.52661133,2188.84082031,2060.29833984,2104.80566406
2184.2121582,2164.87231445,2164.01806641,2177.5246582
2171.7956543,2142.5612793,2157.88891602,2060.47265625
2163.45532227,2128.08911133,2048.14819336,1917.68603516
2153.81274414,2120.49389648,1981.80371094,1934.2791748
2148.70898438,2119.71240234,2067.78686523,2068.52612305
2148.03564453,2120.39379883,2301.87280273,2249.54248047
2144.69140625,2116.58203125,2607.74902344,2483.05371094
2145.29711914,2116.77954102,2816.78515625,2635.71240234
2162.76098633,2133.09228516,2746.05053711,2504.32836914
2187.6706543,2156.79467773,2424.29443359,2173.82202148
2197.09472656,2169.37036133,2094.97119141,1930.22558594
2188.56933594,2170.59887695,1926.04724121,1840.57727051
2175.22436523,2167.97021484,1890.54199219,1794.27307129
2158.41821289,2154.34350586,1946.54943848,1826.87475586
2138.28466797,2128.86499023,2086.68041992,1985.30358887
2131.91040039,2116.13891602,2185.26196289,2072.22021484
2146.34472656,2129.62011719,2082.39526367,1950.53295898
2159.8684082,2146.14306641,1856.27856445,1832.03308105
2159.32836914,2147.49487305,1742.74279785,1886.38085938
2160.9987793,2149.19262695,1812.53417969,1960.41345215
2173.91552734,2162.97509766,1992.12902832,2000.84033203
2184.82055664,2173.59619141,2267.51635742,2209.62573242
2190.02807617,2171.96411133,2580.73071289,2530.32421875
2198.4543457,2170.57299805,2726.07910156,2621.79443359
2203.9987793,2175.08618164,2602.38061523,2464.14550781
2195.57470703,2175.59594727,2340.37988281,2313.40087891
2183.67895508,2169.71557617,2064.7409668,2141.11914063
2183.31518555,2166.70947266,1818.80944824,1816.0802002
2188.01147461,2169.07543945,1702.21972656,1567.5078125
2185.77270508,2169.57104492,1763.79089355,1628.1541748
2180.23364258,2164.78491211,1876.28613281,1822.17163086
2177.94311523,2158.50366211,1954.19055176,1963.96972656
2173.92382813,2152.74853516,2060.90112305,2134.18139648
2164.04101563,2145.9909668,2183.72875977,2310.59985352
2156.91235352,2140.89306641,2237.41577148,2327.85644531
2159.83837891,2142.31445313,2291.40063477,2269.51831055
2163.0847168,2145.94360352,2430.94555664,2332.92114258
2155.03564453,2144.29296875,2523.66333008,2421.71826172
2145.72314453,2144.52612305,2469.80981445,2359.96728516
2152.65478516,2158.64599609,2432.78076172,2248.265625
2169.91748047,2178.02636719,2513.35498047,2208.79956055
2178.99731445,2184.8503418,2526.47314453,2118.91870117
2179.76391602,2181.8359375,2355.6184082,1906.2911377
2179.70898438,2180.25268555,2169.02441406,1753.1920166
2170.97802734,2173.47705078,2108.08154297,1794.36938477
2151.70678711,2155.85400391,2113.41967773,1927.5534668
2144.39257813,2146.25976563,2139.7175293,2026.91101074
2160.5859375,2158.76708984,2218.06079102,2085.70239258
2177.35302734,2174.02783203,2306.19580078,2135.67529297
2173.76293945,2169.23071289,2329.06860352,2193.34985352
2157.73974609,2151.296875,2294.44848633,2230.92919922
2142.40600586,2138.39526367,2235.85009766,2183.61450195
2129.70483398,2132.90356445,2192.43310547,2108.73681641
2122.98193359,2128.75952148,2240.67236328,2168.67431641
2127.61328125,2127.95556641,2336.39111328,2286.98876953
2140.54492188,2138.30419922,2278.62988281,2187.37670898
2154.24267578,2159.36254883,2060.43969727,1939.01025391
2162.1887207,2176.35913086,1957.34741211,1914.5234375
2159.12011719,2176.37109375,2065.30175781,2109.99536133
2149.15551758,2167.33178711,2180.7902832,2205.47143555
2144.64135742,2163.14794922,2272.59643555,2272.10351563
2145.74584961,2157.18017578,2520.32373047,2596.08447266
2140.20898438,2138.21264648,2809.07470703,2936.23999023
2130.56616211,2121.15917969,2793.9362793,2826.11938477
2133.8215332,2126.59594727,2485.24951172,2402.33422852
2147.72631836,2142.12280273,2193.11254883,2121.86303711
2148.98486328,2140.50805664,1986.01538086,1979.32543945
2132.66845703,2123.96386719,1771.77575684,1767.38427734
2122.28540039,2116.16210938,1721.36120605,1697.02392578
2131.14501953,2121.7019043,2008.10144043,1992.49584961
2143.43530273,2125.74121094,2331.11938477,2291.77148438
2145.54492188,2125.93701172,2292.30004883,2181.53564453
2147.07177734,2134.32714844,2030.73498535,1907.93493652
2155.74072266,2149.85302734,1926.44055176,1896.42163086
2159.26635742,2156.15698242,1972.23657227,2055.65136719
2148.37329102,2147.77148438,2028.71484375,2190.41699219
2133.00732422,2135.1875,2311.43579102,2515.33911133
2123.93432617,2124.69018555,2927.11499023,3082.98388672
2120.60253906,2115.02856445,3341.45166016,3335.52124023
2120.55249023,2109.21875,3077.265625,2925.00390625
2121.73852539,2110.07519531,2515.34375,2340.32666016
2121.71069336,2113.73583984,2234.76513672,2075.41357422
2125.89331055,2120.09204102,2082.77319336,1901.63061523
2139.55859375,2132.41357422,1725.0168457,1601.28662109
2149.98388672,2142.37915039,1510.61633301,1585.16235352
2143.27929688,2139.21728516,1847.68237305,2059.76928711
2132.39526367,2131.88720703,2289.87451172,2420.07763672
2137.21313477,2136.9765625,2210.84423828,2218.07519531
2148.54248047,2150.04150391,1860.32714844,1922.24572754
2143.92626953,2152.99536133,1831.14575195,2028.41381836
2128.46948242,2146.18383789,2029.23632813,2271.8059082
2128.29345703,2149.37670898,2081.30419922,2361.89013672
2145.06298828,2164.76293945,2194.35180664,2591.05004883
2148.60302734,2164.27099609,2680.98217773,3072.16308594
2127.30224609,2135.40039063,3138.43261719,3243.00366211
2112.54248047,2111.17089844,2983.04638672,2745.91162109
2126.73071289,2119.08081055,2403.12207031,2068.6340332
2144.93408203,2135.73364258,2048.984375,1825.77453613
2143.20776367,2135.17529297,2101.59472656,2001.42712402
2140.36010742,2136.11328125,2216.16601563,2219.41625977
2153.65332031,2155.53662109,2137.15600586,2271.88061523
2161.72998047,2168.41381836,1938.23095703,2182.87841797
2146.52124023,2154.81298828,1773.23913574,2073.10473633
2127.32080078,2136.41357422,1671.49157715,2044.55664063
2127.39282227,2136.44018555,1617.51660156,2095.19482422
2139.328125,2144.23413086,1702.26477051,2209.16479492
2138.85107422,2137.47705078,2003.66162109,2427.34741211
2118.38427734,2115.31567383,2307.61352539,2625.2277832
2098.01416016,2098.44555664,2251.05175781,2493.91601563
2097.22216797,2100.04296875,1856.3182373,2051.22265625
2105.12524414,2107.36450195,1565.6986084,1776.42980957
2102.30932617,2105.66162109,1605.67602539,1896.81677246
2095.25,2102.09375,1733.71459961,2051.09204102
2096.07958984,2103.546875,1754.3392334,1984.00537109
2096.36328125,2100.67333984,1800.59204102,1946.49511719
2092.0625,2094.49755859,1935.20031738,2095.34838867
2096.47094727,2099.5793457,1972.82373047,2176.27636719
2109.43823242,2112.47607422,1878.83447266,2075.25708008
2115.43310547,2118.27636719,1880.92785645,2030.59594727
2112.79248047,2117.9597168,2057.84008789,2129.64135742
2108.14208984,2114.89257813,2245.40209961,2199.53881836
2100.56665039,2103.99389648,2373.35375977,2226.77441406
2096.52319336,2095.36376953,2475.34448242,2318.78125
2107.18115234,2105.84643555,2453.19140625,2351.28076172
2120.87915039,2123.14941406,2248.16455078,2185.51464844
2117.3215332,2124.1472168,2066.38989258,2020.21276855
2103.74169922,2115.18896484,2068.1887207,2053.72363281
2100.59130859,2113.93334961,2120.85839844,2134.48803711
2108.39941406,2117.80395508,2142.05981445,2151.5402832
2115.83691406,2119.34838867,2267.7421875,2286.91357422
2118.07592773,2121.37255859,2452.72485352,2513.10717773
2113.5222168,2123.29589844,2417.68457031,2457.55297852
2104.18408203,2121.30737305,2178.00390625,2119.78710938
2099.37670898,2119.99755859,2084.88476563,2014.32019043
2103.74633789,2123.08569336,2221.39257813,2282.77392578
2112.70825195,2126.61865234,2313.14453125,2454.6237793
2124.90673828,2131.04174805,2303.5546875,2354.87646484
2140.18774414,2139.6784668,2437.41210938,2361.99658203
2149.4309082,2146.96826172,2699.27929688,2526.27636719
2147.82910156,2149.06201172,2741.55175781,2395.97680664
2146.90161133,2154.55126953,2486.99731445,1960.05517578
2154.9440918,2167.36328125,2281.95751953,1796.2845459
2162.53710938,2176.92431641,2323.42138672,2064.06860352
2161.19726563,2176.55688477,2407.42651367,2260.2956543
2157.50561523,2171.84179688,2362.18774414,2130.41674805
2159.60864258,2167.16894531,2294.48681641,1990.72839355
2165.83935547,2162.39257813,2303.96411133,2058.19677734
2170.64575195,2159.13427734,2326.23925781,2176.54931641
2170.21020508,2156.02294922,2318.63232422,2230.27514648
2162.84765625,2147.32373047,2314.84594727,2277.07885742
2151.859375,2135.54199219,2310.01269531,2320.88378906
2145.48144531,2131.40698242,2284.63183594,2317.64233398
2148.46606445,2136.3190918,2258.21704102,2281.24707031
2155.72900391,2140.22387695,2231.7199707,2218.46484375
2158.15429688,2138.57275391,2217.44067383,2158.98681641
2153.45654297,2136.62719727,2298.1940918,2220.60327148
2147.21459961,2137.17407227,2458.38916016,2365.63867188
2143.9453125,2137.23193359,2482.20996094,2302.98876953
2143.84790039,2137.21582031,2277.29223633,1999.89440918
2148.23657227,2142.28125,2121.68237305,1934.63269043
2158.22753906,2152.22851563,2281.27294922,2363.39233398
2167.05322266,2158.79077148,2555.32666016,2764.53466797
2165.21313477,2157.06005859,2546.84375,2589.80395508
2155.17431641,2152.42285156,2256.42724609,2125.72802734
2150.92236328,2152.28930664,2035.03552246,1959.65148926
2161.37597656,2158.83911133,2027.38525391,2050.69726563
2180.95922852,2171.89746094,2086.01635742,2066.72290039
2197.27856445,2188.86914063,2205.97241211,2167.94384766
2204.18188477,2202.01928711,2535.6875,2602.52294922
2204.7277832,2206.06445313,2903.68530273,2952.48901367
2201.70288086,2203.86767578,2885.80078125,2684.08447266
2191.71044922,2196.02392578,2457.8503418,2077.50610352
2174.56494141,2177.95141602,2056.33325195,1774.57873535
2161.10742188,2157.01000977,1915.7545166,1804.61132813
2160.36450195,2151.3659668,1875.41149902,1824.77319336
2163.88525391,2159.16870117,1860.21606445,1865.63049316
2156.40893555,2155.2355957,1990.18908691,2098.19702148
2140.24194336,2133.40673828,2190.5402832,2304.27563477
2133.40185547,2120.73657227,2210.96411133,2233.74414063
2140.99487305,2131.51171875,2043.95922852,2077.64526367
2147.32421875,2144.03979492,1910.40942383,2086.07641602
2145.42700195,2145.52099609,1896.01281738,2162.35302734
2151.27246094,2156.94750977,1947.55151367,2206.1887207
2171.43969727,2184.63085938,2092.40600586,2348.34985352
2184.04492188,2195.40332031,2344.01391602,2549.67089844
2176.63549805,2175.27368164,2524.22973633,2504.35888672
2171.609375,2160.53588867,2434.13500977,2162.84570313
2184.09570313,2172.70166016,2102.95996094,1835.61291504
2190.94824219,2179.9296875,1731.55456543,1686.9798584
2174.5144043,2161.27392578,1495.02429199,1634.30249023
2157.01904297,2146.84082031,1454.94482422,1701.24194336
2158.80664063,2157.46508789,1555.77270508,1948.9050293
2164.62573242,2168.08691406,1684.83996582,2184.96679688
2159.79614258,2161.57714844,1784.98083496,2213.03393555
2156.96777344,2157.03759766,1860.24560547,2160.84936523
2165.05859375,2163.87280273,1877.77197266,2185.34130859
2171.83642578,2165.36767578,1816.91784668,2185.27636719
2170.08349609,2157.60327148,1809.73608398,2124.60449219
2166.81396484,2154.90869141,2008.10107422,2206.57250977
2164.44555664,2157.67456055,2295.98193359,2430.34619141
2159.04980469,2153.7668457,2385.91088867,2451.84008789
2150.54614258,2142.41235352,2219.67041016,2156.8269043
2139.80517578,2131.40698242,2004.53747559,1885.60449219
2129.97924805,2126.40380859,1849.85168457,1854.42089844
2132.90917969,2133.39453125,1677.68713379,1853.98376465
2152.96557617,2151.08813477,1506.67480469,1739.90075684
2171.53173828,2162.30200195,1490.20275879,1723.57568359
2171.94091797,2155.54663086,1627.27832031,1937.59716797
2165.54150391,2144.91577148,1724.34436035,2142.43798828
2167.21191406,2146.25683594,1680.82458496,2113.38085938
2166.29101563,2151.08276367,1604.25415039,2006.00598145
2152.06054688,2147.41992188,1652.99365234,2098.57470703
2143.29345703,2144.55126953,1877.42114258,2345.71044922
2156.37988281,2151.02294922,2145.63891602,2420.57568359
2169.41552734,2151.95556641,2224.09033203,2183.94970703
2157.85766602,2136.99414063,2062.64526367,1887.79602051
2138.5690918,2125.32739258,1897.08605957,1795.26574707
2136.43457031,2132.23608398,1919.86340332,1844.84741211
2139.4621582,2139.61254883,2078.36010742,1929.46704102
2130.54199219,2131.81567383,2343.26293945,2209.22314453
2126.20458984,2127.56835938,2790.2043457,2757.20825195
2141.14770508,2143.35791016,3229.5625,3174.21020508
2154.97460938,2161.07543945,3232.26123047,3032.37280273
2150.68725586,2162.59033203,2749.51538086,2489.10180664
2143.67041016,2159.71337891,2247.01293945,2027.62719727
2146.31835938,2165.12719727,2065.02075195,1832.07299805
2148.0,2170.515625,2105.64379883,1822.49926758
2145.67749023,2171.2043457,2211.22241211,1992.61071777
2151.47070313,2177.12304688,2345.72607422,2270.49780273
2163.87548828,2188.59985352,2377.19213867,2352.41333008
2169.14038086,2192.48022461,2169.94287109,2096.88891602
2167.75366211,2186.15551758,1890.39782715,1802.01135254
2168.94726563,2180.51269531,1820.99755859,1775.33203125
2170.68774414,2181.90698242,1963.82775879,1957.76818848
2169.53808594,2189.38598633,2166.28125,2204.35742188
2173.72753906,2200.99780273,2436.43554688,2532.59301758
2187.25463867,2210.68603516,2777.48413086,2861.84960938
2197.76855469,2211.01464844,2929.76904297,2896.30371094
2193.38305664,2204.28833008,2656.28637695,2518.38989258
2177.89819336,2197.74487305,2150.36669922,2041.3548584
2163.76220703,2191.06860352,1834.56335449,1859.31469727
2160.52246094,2183.40820313,1825.24987793,1975.78149414
2169.5637207,2181.66577148,1903.38830566,2086.61914063
2182.25634766,2185.92797852,1993.8494873,2106.99462891
2186.34350586,2182.76904297,2260.75073242,2275.49145508
2177.5222168,2167.5859375,2594.8059082,2567.98168945
2161.46386719,2154.68676758,2536.38476563,2520.57055664
2147.27270508,2154.00390625,2046.4473877,2034.37121582
2142.63085938,2157.79736328,1760.86218262,1721.21960449
2149.29516602,2158.73583984,2020.9642334,1919.09094238
2160.59863281,2162.01513672,2334.89477539,2134.09594727
2168.01806641,2171.34106445,2311.4284668,2026.06616211
2169.08081055,2178.19238281,2315.19116211,2016.6763916
2167.28369141,2175.38842773,2623.51782227,2330.2734375
2168.83642578,2171.4309082,2818.93994141,2449.58984375
2176.59545898,2177.41235352,2622.23999023,2102.77685547
2181.75317383,2185.10180664,2447.84692383,1790.9864502
2171.48364258,2177.56054688,2584.96337891,1854.48718262
2150.85595703,2159.94848633,2698.61791992,1975.48950195
2141.36572266,2154.98583984,2588.07861328,1953.9967041
2151.92358398,2166.97192383,2565.82983398,2039.68579102
2168.85205078,2177.59472656,2741.53833008,2257.01391602
2177.13208008,2177.58032227,2776.39868164,2279.72924805
2174.23657227,2174.66088867,2568.35009766,2095.75561523
2163.85791016,2171.83935547,2413.63989258,2025.50488281
2151.07983398,2164.19555664,2436.49804688,2125.53759766
2142.61010742,2155.5246582,2522.80761719,2238.27172852
2143.3449707,2156.81542969,2684.92138672,2407.99047852
2152.71044922,2168.78613281,2924.99023438,2657.27514648
2163.51293945,2179.34912109,3007.71801758,2699.86083984
2164.99658203,2178.65991211,2821.90844727,2394.96386719
2155.21313477,2170.38330078,2616.98754883,2083.13330078
2148.27075195,2166.67993164,2569.16479492,2053.49682617
2156.94384766,2173.33959961,2526.94946289,2128.26245117
2172.77416992,2182.93603516,2393.28662109,2112.88500977
2178.26806641,2185.36669922,2317.91455078,2152.47705078
2172.39038086,2181.27734375,2352.27709961,2312.30859375
2167.68554688,2179.14941406,2329.12670898,2325.43945313
2168.26098633,2182.05517578,2206.8815918,2096.37109375
2167.61254883,2185.3996582,2156.37670898,1952.01672363
2164.8215332,2187.02246094,2229.59375,2091.6184082
2166.26293945,2189.71850586,2305.6862793,2299.42773438
2171.13330078,2191.47265625,2389.34960938,2419.01049805
2170.4855957,2184.54760742,2577.57519531,2542.40649414
2162.77050781,2169.87158203,2746.95361328,2600.66992188
2156.59887695,2160.34985352,2683.66992188,2390.30615234
2156.25219727,2162.51293945,2463.64746094,2043.13708496
2157.34179688,2167.37695313,2304.61450195,1867.44189453
2157.14624023,2166.85668945,2200.29052734,1847.17810059
2157.66040039,2165.36791992,2092.89868164,1850.10461426
2159.55517578,2167.34301758,2123.77929688,1992.81433105
2161.03198242,2167.10644531,2307.96435547,2266.22949219
2159.65380859,2159.38818359,2338.40722656,2304.51269531
2153.34448242,2148.85424805,2103.12841797,2016.84973145
2145.15380859,2142.85107422,1941.48693848,1840.3684082
2143.06176758,2142.80273438,2055.06982422,1989.50561523
2148.50878906,2146.87353516,2206.08374023,2164.44116211
2154.55981445,2155.27490234,2261.35620117,2245.30273438
2159.79199219,2168.71020508,2407.86572266,2455.20800781
2168.62133789,2183.09521484,2627.33984375,2688.83618164
2176.97631836,2190.17114258,2629.02246094,2559.86157227
2177.37207031,2186.54272461,2424.86376953,2174.68457031
2174.88769531,2178.48706055,2307.67944336,1998.46289063
2177.31396484,2172.74047852,2286.58837891,2047.94641113
2178.32714844,2167.71069336,2195.64697266,2044.45715332
2170.70996094,2160.51123047,2153.79467773,2073.36254883
2162.90014648,2155.66918945,2279.71875,2278.72631836
2164.65478516,2158.43017578,2319.57177734,2364.29370117
2171.63110352,2165.47460938,2129.50610352,2141.67138672
2176.5546875,2169.50976563,2012.32629395,1971.23132324
2179.89233398,2169.0402832,2134.6730957,2080.33374023
2183.3112793,2169.34765625,2272.86669922,2215.50195313
2186.07910156,2174.82885742,2410.53637695,2341.56591797
2187.88208008,2181.52197266,2781.06103516,2723.64990234
2187.75097656,2181.45507813,3176.6328125,3113.56713867
2186.76123047,2176.36547852,3093.7578125,2934.83056641
2190.82861328,2175.92578125,2607.18945313,2331.41357422
2199.22265625,2178.28735352,2262.93383789,1958.8527832
2200.91625977,2171.75292969,2188.00976563,1880.57409668
2195.7421875,2161.11914063,2087.90527344,1724.16906738
2197.91357422,2165.06616211,1960.75793457,1613.04772949
2205.75805664,2180.92504883,2074.35449219,1896.33325195
2198.93847656,2184.46264648,2356.06982422,2304.75219727
2176.79272461,2170.72900391,2438.4909668,2324.24658203
2163.24804688,2160.43920898,2268.82739258,2074.61767578
2166.92749023,2161.95263672,2162.40161133,2016.50817871
2173.49414063,2162.60058594,2245.57885742,2130.60668945
2177.55664063,2159.66723633,2310.21655273,2105.47851563
2185.79248047,2164.89550781,2279.2355957,2019.74609375
2192.88745117,2176.41650391,2344.66186523,2159.16186523
2186.40185547,2177.18310547,2522.36816406,2401.67407227
2170.18701172,2163.60449219,2537.37963867,2395.65698242
2160.60009766,2152.21533203,2293.20336914,2157.87036133
2165.30078125,2156.33496094,2016.55090332,1974.32531738
2177.57714844,2171.57055664,1848.7935791,1905.45629883
2186.11035156,2184.91210938,1727.44116211,1855.96142578
2186.53417969,2189.76074219,1694.03076172,1921.24475098
2185.41845703,2190.96533203,1871.23815918,2207.00512695
2189.77441406,2195.81396484,2134.20605469,2493.72290039
2195.13061523,2202.00708008,2221.32202148,2505.89624023
2193.1015625,2201.97753906,2137.17651367,2337.12768555
2185.36425781,2197.18432617,2078.06030273,2235.01660156
2177.71923828,2194.19360352,2069.89819336,2202.48730469
2168.14794922,2189.28613281,2048.32885742,2183.60742188
2155.18261719,2175.86572266,2116.77880859,2310.69262695
2148.80053711,2163.16259766,2322.50488281,2543.74755859
2157.29711914,2165.63354492,2402.68701172,2489.5534668
2171.90991211,2178.359375,2181.75268555,2053.54614258
2178.69018555,2184.12182617,1945.39868164,1752.97631836
2177.26293945,2179.35131836,1993.93286133,1902.24536133
2175.74975586,2174.73632813,2180.40332031,2137.22167969
2175.7890625,2176.12231445,2295.60864258,2196.52124023
2174.18652344,2180.10742188,2437.25170898,2339.69311523
2172.63842773,2184.39770508,2598.96704102,2554.83203125
2175.23803711,2190.85546875,2471.01171875,2353.38476563
2180.21484375,2198.98852539,2044.95178223,1783.49072266
2182.453125,2203.38598633,1798.80725098,1573.81848145
2181.84179688,2199.40820313,1955.22692871,1923.61437988
2182.05371094,2188.48632813,2196.1159668,2242.86889648
2182.39208984,2175.34375,2314.23974609,2273.35205078
2177.99145508,2161.85888672,2451.70727539,2339.60424805
2168.39038086,2147.71264648,2580.81787109,2452.22460938
2159.22875977,2135.94848633,2466.53515625,2276.32543945
2154.48925781,2132.01855469,2192.72680664,1920.80957031
2153.35327148,2136.53320313,2064.96728516,1782.71228027
2155.06030273,2144.20458984,2059.69970703,1835.71887207
2159.84277344,2150.8425293,1975.23706055,1871.84619141
2164.85229492,2156.33496094,1918.80200195,2016.77124023
2166.3125,2160.4440918,2048.60058594,2326.58642578
2166.09057617,2162.05273438,2139.79785156,2448.55859375
2170.41235352,2163.921875,1981.17321777,2247.1418457
2182.07080078,2171.64160156,1826.45983887,2114.03662109
2196.88085938,2185.27539063,1930.84594727,2242.25073242
2206.17895508,2197.25048828,2090.00219727,2325.36791992
2202.84692383,2201.15625,2107.4375,2272.10522461
2188.50878906,2198.14868164,2203.14868164,2410.00732422
2172.46606445,2191.85717773,2502.75854492,2711.55493164
2160.97045898,2182.79736328,2640.78686523,2637.55834961
2154.30615234,2173.39282227,2336.85644531,2063.70092773
2154.58837891,2171.32958984,1921.09082031,1621.41699219
2163.53540039,2178.56079102,1836.81433105,1754.07995605
2173.4465332,2184.90625,1983.45983887,2085.40258789
2175.80200195,2183.27246094,2011.20678711,2160.03613281
2174.55834961,2180.01220703,1984.75549316,2220.86914063
2176.01611328,2179.32226563,2219.77587891,2656.93774414
2175.69506836,2173.7175293,2602.33374023,3139.65234375
2169.06884766,2160.82739258,2659.64013672,3046.2902832
2161.11791992,2150.25170898,2321.82983398,2477.91918945
2155.76660156,2146.21313477,2042.66772461,2093.0
2151.80883789,2143.984375,2064.14257813,2062.77709961
2150.77905273,2144.0222168,2118.75415039,1972.0690918
2152.56713867,2148.59985352,2027.28857422,1744.69421387
2150.19018555,2150.95678711,2047.0423584,1848.09387207
2142.36523438,2146.01098633,2356.22851563,2379.93261719
2137.29541016,2139.72631836,2645.5793457,2710.52636719
2136.9375,2136.7253418,2566.47900391,2428.42285156
2136.14892578,2135.31176758,2257.18652344,1995.43249512
2136.87402344,2138.02246094,2062.30639648,1960.28356934
2143.7199707,2148.8527832,1992.71057129,2130.09741211
2152.32861328,2163.01538086,1863.234375,2120.21972656
2157.15234375,2173.84277344,1742.39538574,2113.35375977
2159.29614258,2181.18847656,1817.01672363,2374.44506836
2159.77709961,2185.31591797,1983.95336914,2596.29248047
2158.10742188,2184.52685547,2011.37902832,2448.30419922
2155.19287109,2179.75317383,1937.05944824,2217.13842773
2148.52636719,2171.96728516,1929.42016602,2251.07104492
2137.48095703,2162.54931641,1976.6998291,2358.14331055
2134.07836914,2158.87963867,2033.15930176,2313.62475586
2145.21411133,2163.40771484,2179.38623047,2311.49633789
2153.82128906,2163.15844727,2373.66845703,2438.18457031
2147.31005859,2151.54736328,2391.87573242,2396.82104492
2142.64624023,2144.34228516,2204.1953125,2124.70581055
2151.07226563,2150.83813477,2029.40686035,1964.47216797
2153.07739258,2155.84423828,1938.25231934,2003.92871094
2141.20629883,2152.54296875,1840.09484863,1996.00256348
2142.22363281,2157.87207031,1833.01916504,1984.42346191
2164.74365234,2174.73242188,2066.80786133,2216.12182617
2176.52319336,2179.48095703,2343.54663086,2504.47290039
2163.2800293,2165.39526367,2358.55151367,2469.3347168
2155.1105957,2156.62426758,2199.39135742,2237.12524414
2167.97241211,2163.63842773,2138.16259766,2170.65942383
2175.28173828,2166.56030273,2149.89404297,2201.52905273
2162.63525391,2156.10302734,2094.11865234,2117.25146484
2155.4440918,2150.70922852,2094.49975586,2102.57910156
2167.22607422,2159.17993164,2276.69799805,2325.18432617
2171.89453125,2162.92016602,2413.60766602,2442.47338867
2152.63769531,2150.31787109,2262.48266602,2153.32397461
2133.23071289,2137.42773438,1982.35461426,1767.23657227
2136.46704102,2139.23388672,1851.88122559,1680.26989746
2149.25146484,2146.83520508,1851.15527344,1785.55529785
2151.22998047,2148.12890625,1833.71533203,1852.0871582
2147.07617188,2148.1550293,1845.99194336,1967.6270752
2149.70068359,2154.02368164,1991.2109375,2218.85961914
2155.32006836,2159.42675781,2161.04858398,2386.15795898
2154.61474609,2158.10180664,2147.64892578,2276.52172852
2152.51953125,2155.73583984,1970.17260742,2066.66357422
2159.359375,2157.01757813,1903.25622559,2083.67529297
2170.5949707,2155.90185547,2086.26123047,2329.15356445
2169.75512695,2146.94384766,2252.99194336,2407.66333008
2150.81933594,2133.93237305,2110.19189453,2100.45751953
2128.48071289,2123.95288086,1845.24267578,1801.07824707
2121.16845703,2121.62744141,1828.73608398,1934.56677246
2128.63745117,2126.84985352,1978.68920898,2237.08862305
2136.16333008,2133.2512207,2009.53442383,2286.82495117
2137.75097656,2134.27246094,2092.93310547,2307.6262207
2139.02929688,2130.02001953,2523.37231445,2595.28808594
2139.89892578,2123.08251953,2967.46582031,2738.65942383
2136.17431641,2115.62402344,2885.60180664,2353.62182617
2134.37524414,2113.16552734,2452.46655273,1905.3248291
2140.53662109,2118.0144043,2221.48925781,1903.75720215
2143.8527832,2122.58251953,2189.06201172,2050.85009766
2136.59423828,2124.22509766,2027.19006348,1965.7142334
2132.38037109,2132.4230957,1860.41833496,1906.66943359
2139.48510742,2145.56396484,1968.53039551,2099.14086914
2142.25805664,2145.84692383,2120.14770508,2212.11523438
2133.02661133,2132.6394043,1981.45422363,2045.09265137
2129.68969727,2128.57836914,1761.14880371,1905.07739258
2140.59790039,2140.60400391,1796.15783691,1957.97521973
2148.99804688,2151.0222168,1985.01135254,2027.44421387
2148.93359375,2153.60644531,2153.08007813,2159.48339844
2155.87133789,2159.96166992,2415.65454102,2524.85107422
2168.29418945,2167.33203125,2749.578125,2812.51953125
2162.09643555,2158.94311523,2794.67260742,2598.98706055
2136.45874023,2139.01879883,2435.82421875,2132.93994141
2122.95458984,2132.22436523,2036.90368652,1935.13842773
2135.40039063,2144.34082031,1856.19177246,1967.16601563
2149.57080078,2153.51782227,1750.98242188,1938.86767578
2145.84570313,2146.09594727,1620.93786621,1953.41711426
2136.7590332,2135.59130859,1628.02832031,2166.22265625
2138.93579102,2138.01196289,1809.11877441,2318.89135742
2147.46606445,2148.91723633,1918.25256348,2181.61328125
2151.32714844,2155.17333984,1834.50952148,1993.7713623
2151.61376953,2154.26318359,1768.9831543,2051.70141602
2152.52172852,2151.37353516,1891.51843262,2246.85644531
2149.89624023,2147.70898438,2049.69042969,2298.35180664
2139.6652832,2141.64257813,2050.13256836,2170.1184082
2128.78955078,2135.75976563,1977.73059082,2058.92260742
2128.12231445,2134.32275391,2020.23779297,2097.05908203
2137.97412109,2135.95214844,2149.22387695,2199.68798828
2148.81005859,2135.79663086,2196.5715332,2219.19165039
2154.06542969,2133.86547852,2143.59619141,2168.86328125
2154.34960938,2134.0144043,2123.16943359,2171.46166992
2151.77392578,2135.76318359,2179.29516602,2230.2668457
2147.9675293,2134.71875,2217.625,2234.95874023
2144.06469727,2129.23193359,2200.05908203,2181.68505859
2138.51342773,2120.76123047,2221.69360352,2198.26782227
2132.05932617,2112.96899414,2346.99975586,2333.67871094
2133.01928711,2113.28149414,2494.61376953,2469.37646484
2144.17724609,2124.39355469,2553.6706543,2482.34521484
2151.44555664,2134.17700195,2529.1784668,2401.61230469
2143.84912109,2129.53295898,2496.87133789,2326.11352539
2133.55249023,2117.37719727,2478.73266602,2250.45043945
2136.67041016,2114.79492188,2448.67016602,2113.70458984
2149.32763672,2124.67675781,2401.87036133,1975.01049805
2159.78173828,2137.18725586,2324.82250977,1935.23461914
2166.03710938,2146.20825195,2180.35058594,1944.53381348
2168.45751953,2151.32202148,2025.50427246,1928.75305176
2163.75634766,2153.28564453,2007.14453125,1980.73400879
2154.67895508,2155.1015625,2124.34887695,2156.51123047
2150.40380859,2159.35742188,2191.48095703,2284.36499023
2154.94726563,2164.34033203,2146.07202148,2250.5637207
2164.76611328,2169.03930664,2124.27294922,2200.38476563
2174.27709961,2175.28564453,2143.30566406,2215.01391602
2179.03955078,2180.63598633,2066.59326172,2152.27124023
2179.53393555,2180.45751953,1961.03796387,2021.07971191
2181.10766602,2178.58569336,2057.88037109,2068.00805664
2184.3840332,2181.33789063,2283.34936523,2278.84838867
2182.28466797,2182.50073242,2298.67700195,2287.35327148
2172.24584961,2172.2956543,2068.65917969,1993.53979492
2162.47949219,2159.16699219,1904.1439209,1755.75610352
2161.75976563,2162.22290039,1923.37219238,1781.53637695
2170.38012695,2181.74633789,1981.53295898,1880.90344238
2182.29101563,2197.36108398,2086.82104492,1963.78649902
2190.84741211,2197.8347168,2338.91796875,2170.86303711
2192.61938477,2192.66796875,2549.03222656,2408.71020508
2187.74902344,2189.9074707,2467.55981445,2397.05981445
2178.48925781,2184.04980469,2242.26025391,2216.95898438
2169.90820313,2173.31176758,2151.59887695,2178.97216797
2166.67016602,2166.39428711,2132.65429688,2239.96044922
2163.85668945,2163.42919922,2050.19213867,2191.84643555
2152.35839844,2154.32983398,2074.58569336,2179.22607422
2138.48364258,2143.18554688,2285.99560547,2353.20166016
2138.10766602,2146.36767578,2321.59594727,2395.72631836
2148.29516602,2161.67651367,1957.76086426,2086.87841797
2152.97900391,2170.33764648,1600.80273438,1841.57434082
2154.23681641,2169.64550781,1651.19104004,1998.3671875
2162.66796875,2170.69433594,1869.46643066,2210.42822266
2167.52246094,2170.84790039,1931.31237793,2196.06347656
2156.86669922,2163.38647461,2052.79223633,2314.60839844
2148.9375,2161.04614258,2454.0949707,2743.70385742
2162.01855469,2174.74829102,2764.70800781,2934.15209961
2177.84228516,2186.87060547,2593.18554688,2526.43237305
2172.92675781,2178.84570313,2195.74462891,2001.1184082
2157.50463867,2164.0703125,2019.79772949,1860.8951416
2151.67700195,2162.97363281,2026.02929688,1914.67248535
2153.16357422,2168.81860352,1961.2019043,1862.20117188
2153.17358398,2166.89794922,1937.46789551,1923.9831543
2155.5637207,2164.03759766,2246.68554688,2371.88574219
2162.63061523,2171.30224609,2777.87915039,2892.67382813
2166.21240234,2179.31445313,3062.55859375,2951.97241211
2163.2800293,2176.45092773,2900.60473633,2561.80957031
2160.8972168,2171.33154297,2563.8449707,2179.5078125
2162.55322266,2175.40234375,2301.70727539,1973.16687012
2165.65087891,2182.8269043,2070.09985352,1765.70007324
2169.52929688,2184.18237305,1898.52624512,1629.64575195
2172.1328125,2180.84277344,2014.07592773,1829.53295898
2166.92578125,2175.99682617,2374.58642578,2193.02856445
2155.49169922,2169.62255859,2597.61254883,2282.19995117
2151.39819336,2165.51269531,2540.25830078,2123.81811523
2160.60742188,2168.02050781,2432.07373047,2060.70068359
2171.16040039,2173.92456055,2383.09179688,2113.21118164
2171.2734375,2177.72387695,2338.54467773,2172.06152344
2165.18945313,2179.2746582,2455.40014648,2400.29003906
2163.06689453,2180.21923828,2877.16040039,2793.87451172
2164.54370117,2179.06884766,3259.07641602,2906.44946289
2161.61523438,2174.22143555,3165.52294922,2564.94238281
2154.36914063,2168.9934082,2746.92382813,2194.11743164
2151.78222656,2168.49267578,2419.59814453,2047.30688477
2154.13696289,2170.14013672,2201.54272461,1911.53405762
2151.18554688,2166.5,1970.80224609,1797.99609375
2144.29760742,2161.44506836,1928.70263672,1995.4375
2148.15234375,2167.04150391,2176.64306641,2321.84936523
2163.27294922,2179.93774414,2343.36157227,2297.25585938
2172.79858398,2183.69140625,2195.60913086,2042.16247559
2169.62670898,2175.7019043,2047.65905762,2047.17004395
2161.52978516,2166.48144531,2142.15869141,2260.48608398
2155.25170898,2159.00927734,2282.24511719,2337.44042969
2156.14916992,2153.109375,2351.19091797,2388.78320313
2167.26220703,2154.3449707,2483.87133789,2590.8125
2176.74658203,2159.52172852,2596.34179688,2612.96875
2170.68432617,2156.25048828,2446.54956055,2221.37695313
2158.14990234,2146.32470703,2137.07421875,1795.4041748
2154.7878418,2142.4909668,1943.12854004,1657.6496582
2155.26147461,2143.42285156,1842.54943848,1638.98937988
2151.78686523,2140.01074219,1733.75390625,1660.67260742
2154.59423828,2136.04174805,1764.44287109,1908.9029541
2165.16235352,2136.44824219,1995.97399902,2249.11206055
2161.50952148,2131.88232422,2158.99633789,2296.0793457
2137.15478516,2118.48486328,2093.47045898,2100.43945313
2120.83740234,2113.16650391,2004.91296387,2033.17602539
2132.7409668,2127.41235352,2056.50024414,2119.95263672
2153.49682617,2145.3515625,2148.14355469,2144.76635742
2159.62304688,2148.74414063,2241.88549805,2170.70483398
2158.22973633,2145.08544922,2457.04663086,2353.86962891
2162.69921875,2149.52978516,2730.05566406,2507.87817383
2165.18652344,2157.97290039,2794.25390625,2382.58203125
2159.06201172,2160.703125,2583.79443359,2113.46386719
2157.97729492,2162.64355469,2308.30883789,1966.31982422
2168.34228516,2168.48754883,2111.18432617,1920.03405762
2174.39379883,2170.23364258,1975.16772461,1849.91052246
2169.47900391,2166.66748047,1927.73864746,1824.14282227
2168.7199707,2169.51611328,2042.99316406,1946.07128906
2178.85668945,2179.59423828,2284.77905273,2164.03149414
2187.82763672,2183.55957031,2531.07202148,2357.03320313
2187.42993164,2176.54492188,2667.21850586,2396.83276367
2180.24487305,2164.51147461,2631.05834961,2231.76904297
2171.20556641,2152.70361328,2523.35449219,2087.54370117
2168.95361328,2149.50976563,2542.72436523,2236.87988281
2179.140625,2163.06103516,2631.81884766,2453.72216797
2190.65625,2183.55371094,2507.22241211,2291.24829102
2189.83618164,2193.06567383,2203.82885742,1919.49511719
2180.73999023,2191.7043457,2080.38110352,1871.64929199
2169.31323242,2187.84204102,2182.6315918,2084.52368164
2151.10571289,2178.84179688,2265.12182617,2180.07006836
2135.93237305,2168.2980957,2418.82348633,2386.73461914
2146.16064453,2172.3215332,2870.98486328,3032.31738281
2171.82983398,2185.61010742,3292.82983398,3549.77856445
2176.01977539,2181.85620117,3154.9777832,3189.26904297
2156.62597656,2162.04418945,2574.5300293,2274.28393555
2148.24414063,2154.40625,2082.58374023,1693.76965332
2160.40869141,2163.73095703,1856.95227051,1633.93395996
2171.55371094,2172.06640625,1762.09887695,1690.83898926
2177.765625,2180.53710938,1786.18432617,1756.52075195
2190.67285156,2199.11352539,2000.70996094,2043.93249512
2199.26757813,2212.56884766,2349.77075195,2525.26293945
2184.81762695,2202.81640625,2679.7824707,2868.41943359
2158.86791992,2182.9284668,2827.38647461,2849.58178711
2147.6081543,2174.26757813,2709.98217773,2571.10253906
2155.55175781,2176.1472168,2423.57641602,2264.03222656
2169.07788086,2180.56811523,2141.56005859,2024.40014648
2177.37109375,2188.45996094,1938.41674805,1842.49194336
2177.82421875,2198.53344727,1842.359375,1776.49230957
2175.82250977,2204.95483398,1920.50073242,1911.96252441
2179.34863281,2208.9934082,2162.11132813,2192.90649414
2185.87841797,2214.42358398,2411.53955078,2415.93432617
2186.29760742,2218.03930664,2492.90307617,2377.96728516
2183.3503418,2218.45776367,2346.76879883,2086.25048828
2186.03149414,2221.68505859,2116.80224609,1882.65466309
2188.46777344,2227.22265625,2071.94018555,2105.01318359
2178.6706543,2223.72558594,2250.38769531,2517.5402832
2163.34838867,2207.85253906,2340.14672852,2542.99023438
2159.22314453,2192.33837891,2182.34277344,2183.11987305
2164.78515625,2186.17260742,2058.37744141,2018.58056641
2164.17016602,2181.76367188,2155.5,2182.74853516
2155.52514648,2172.46630859,2248.32739258,2246.07470703
2152.44946289,2166.30371094,2244.11108398,2204.22412109
2156.87792969,2167.42993164,2407.7565918,2473.63183594
2154.23999023,2162.84838867,2725.9987793,2833.5559082
2141.38720703,2147.09936523,2758.56323242,2595.14013672
2135.07836914,2138.75708008,2402.65527344,1880.95324707
2143.20605469,2150.50341797,2094.16210938,1519.26940918
2152.85327148,2167.26708984,2061.21557617,1693.94824219
2156.875,2174.52636719,2084.40625,1874.83825684
2164.86694336,2179.58129883,2082.15185547,1933.45458984
2178.46826172,2187.35327148,2210.62231445,2163.25292969
2183.55786133,2186.49682617,2352.28076172,2407.08520508
2174.734375,2173.72485352,2210.64428711,2265.44995117
2163.60107422,2163.13574219,1902.57897949,1939.82397461
2158.7331543,2162.26342773,1821.54882813,1930.09667969
2156.18334961,2161.76757813,2011.52502441,2198.62207031
2150.90576172,2152.77319336,2239.25512695,2406.86303711
2144.12109375,2138.19897461,2464.59472656,2562.92895508
2138.06079102,2125.30664063,2706.63305664,2755.62084961
2131.2331543,2116.31225586,2746.13037109,2732.24536133
2122.94018555,2109.40283203,2452.23510742,2354.71728516
2119.5456543,2106.82983398,2087.58764648,1990.45727539
2128.29150391,2114.99462891,1928.32177734,1959.70117188
2144.11889648,2131.40698242,1934.9432373,2099.61230469
2153.0144043,2140.9597168,2006.59106445,2217.09643555
2149.88671875,2134.19311523,2142.14941406,2382.12719727
2141.55883789,2119.19067383,2236.45874023,2521.18823242
2132.96533203,2107.24633789,2141.7746582,2375.16674805
2124.06933594,2099.04760742,1963.09362793,2044.69836426
2118.17504883,2092.34863281,1919.37072754,1926.83691406
2118.69580078,2089.92236328,1997.77001953,2060.99047852
2120.30688477,2092.32983398,2089.53735352,2194.78833008
2117.0637207,2094.05444336,2269.92700195,2368.14624023
2115.12255859,2093.08642578,2570.36450195,2694.91040039
2123.02539063,2095.20019531,2706.81689453,2812.95458984
2134.71826172,2103.86035156,2438.96044922,2368.9453125
2138.43798828,2113.88720703,1999.12451172,1762.85742188
2136.54125977,2119.60864258,1784.43383789,1606.3260498
2138.13012695,2121.66235352,1817.03625488,1800.95410156
2139.0065918,2121.25927734,1881.8034668,1928.11791992
2130.85253906,2116.94995117,1997.13085938,2081.21923828
2122.94555664,2112.69702148,2313.66772461,2484.82666016
2129.14575195,2116.79296875,2666.5012207,2770.91845703
2140.26879883,2125.50195313,2688.04638672,2489.22021484
2137.79785156,2124.39428711,2363.59375,1941.86804199
2127.65112305,2113.80639648,2076.32495117,1749.73730469
2128.76806641,2110.76049805,2056.16186523,1927.43811035
2136.60131836,2118.75146484,2135.42016602,2032.32910156
2133.35400391,2124.01416016,2130.12207031,1945.8536377
2125.27587891,2125.81420898,2139.0480957,1945.3515625
2131.49536133,2136.65698242,2295.35644531,2144.56689453
2145.80175781,2151.78222656,2454.19482422,2300.97729492
2148.03833008,2154.02001953,2377.15307617,2215.79003906
2141.44555664,2145.54663086,2119.16162109,2046.85205078
2142.46484375,2142.38208008,1945.46264648,2037.96923828
2148.8449707,2146.27636719,1903.51318359,2106.09326172
2150.38183594,2149.04174805,1814.13085938,2019.20129395
2152.76147461,2151.57861328,1673.84692383,1872.61877441
2162.82958984,2158.12915039,1671.38049316,1948.72131348
2169.80029297,2165.33666992,1808.56262207,2176.21069336
2163.09863281,2168.83789063,1905.3137207,2224.48388672
2150.68530273,2168.91943359,1937.77392578,2075.48876953
2145.14404297,2167.01074219,2006.1661377,2012.00585938
2147.67114258,2165.70092773,2088.51635742,2109.80004883
2154.04589844,2168.38647461,2132.86938477,2191.10571289
2162.84594727,2173.89941406,2193.23339844,2194.34960938
2171.84179688,2177.99682617,2260.0703125,2200.63354492
2175.21850586,2179.54077148,2227.81225586,2192.21899414
2170.72314453,2179.10986328,2137.4621582,2100.74658203
2166.2578125,2177.34643555,2135.46435547,1987.90100098
2171.80981445,2177.99267578,2191.62988281,1954.89233398
2184.53662109,2183.44799805,2181.67773438,2006.09265137
2191.64306641,2188.47558594,2149.24414063,2124.3203125
2188.96655273,2187.82250977,2180.7097168,2295.33251953
2183.27929688,2183.31079102,2195.86865234,2410.20019531
2176.49121094,2176.04077148,2122.08227539,2363.7824707
2165.45703125,2164.56738281,2060.24707031,2238.76782227
2156.37792969,2155.39038086,2096.07543945,2181.38598633
2159.14770508,2158.09008789,2179.45458984,2184.24804688
2169.21899414,2168.72973633,2275.66381836,2181.89794922
2174.64624023,2175.80371094,2393.18579102,2198.53857422
2176.55908203,2178.62988281,2466.74487305,2237.22265625
2183.33374023,2182.60839844,2447.33764648,2218.09521484
2191.47875977,2185.38745117,2417.22705078,2134.37231445
2192.69140625,2184.60839844,2412.13208008,2074.34472656
2192.72998047,2188.36816406,2324.84228516,2067.87695313
2201.88208008,2202.53100586,2171.01586914,2090.56640625
2212.64331055,2217.69873047,2155.51708984,2143.86328125
2209.29980469,2221.91992188,2292.74951172,2183.81079102
2195.31811523,2217.83862305,2326.25463867,2133.32177734
2188.16357422,2215.53051758,2180.80834961,2052.12744141
2191.06054688,2215.8581543,2074.30249023,2064.93847656
2193.61157227,2213.48583984,2085.43383789,2128.14208984
2194.96875,2209.84545898,2081.7331543,2147.54052734
2201.18066406,2208.51586914,2094.63378906,2205.87353516
2205.3371582,2203.10449219,2254.78344727,2353.04833984
2195.17358398,2185.65405273,2407.71630859,2391.22924805
2175.80761719,2163.01416016,2301.17553711,2199.15087891
2165.12915039,2150.21313477,2030.37683105,1982.9239502
2170.52832031,2151.11206055,1851.28259277,1920.61804199
2182.17407227,2156.63232422,1776.05273438,1911.20922852
2185.83691406,2158.05639648,1734.94055176,1902.08361816
2177.74169922,2154.28466797,1822.16918945,2048.19482422
2167.46533203,2148.75976563,2043.28027344,2340.48339844
2164.15356445,2143.76245117,2167.78344727,2500.03320313
2164.40087891,2138.49145508,2096.39599609,2412.95092773
2162.05029297,2132.70361328,2018.74865723,2274.06152344
2160.44433594,2128.73901367,2049.56616211,2212.79223633
2162.42114258,2127.13867188,2089.54296875,2179.84643555
2160.80419922,2125.46191406,2124.89038086,2203.6652832
2151.80737305,2123.95336914,2268.10498047,2336.96875
2143.9921875,2125.45361328,2457.87524414,2417.33129883
2143.91748047,2129.08398438,2481.52661133,2273.98217773
2146.22973633,2131.24438477,2311.46508789,2021.35571289
2143.00195313,2130.18017578,2122.62402344,1833.5168457
2132.51342773,2124.53662109,2006.67944336,1694.94091797
2120.06762695,2115.45166016,1929.76220703,1617.82531738
2115.7980957,2111.6484375,1928.17382813,1747.65063477
2123.70068359,2118.31738281,2091.58422852,2054.91845703
2132.8059082,2124.109375,2347.03515625,2280.90673828
2133.15649414,2119.19799805,2477.93945313,2311.06689453
2133.63598633,2116.50439453,2405.13623047,2280.25952148
2143.68139648,2128.45458984,2270.71875,2274.85327148
2150.99121094,2139.4909668,2198.56738281,2233.78686523
2144.42944336,2134.25439453,2165.69067383,2154.76806641
2140.12182617,2129.32910156,2162.32006836,2141.45410156
2152.44213867,2140.2512207,2250.28076172,2216.05053711
2162.61938477,2147.77490234,2380.94140625,2262.67700195
2151.3359375,2135.43432617,2379.43212891,2190.65576172
2134.296875,2123.22460938,2193.58349609,2036.60058594
2130.55712891,2126.92553711,1971.88208008,1891.9185791
2129.24072266,2127.73242188,1857.45910645,1836.58618164
2120.65380859,2115.82836914,1870.09326172,1936.07397461
2122.21533203,2115.64770508,1978.13659668,2173.11645508
2142.87695313,2138.23706055,2127.63720703,2397.18188477
2159.82446289,2156.8918457,2230.9675293,2472.51123047
2155.65356445,2153.68530273,2243.50390625,2424.61328125
2143.60498047,2145.08569336,2205.79833984,2329.59985352
2138.34619141,2144.75268555,2173.02734375,2207.56420898
2134.11376953,2142.11645508,2192.68920898,2151.63305664
2124.79614258,2130.74584961,2318.43798828,2310.4543457
2117.68139648,2122.90673828,2507.02441406,2569.71704102
2116.30029297,2124.62719727,2583.16894531,2567.29467773
2111.54882813,2123.78344727,2465.29467773,2225.86254883
2099.28076172,2113.14428711,2294.47338867,1911.26855469
2090.15576172,2104.43310547,2197.81958008,1872.76538086
2093.46948242,2109.4621582,2128.02539063,1940.65454102
2103.36547852,2121.95727539,2055.14819336,1950.85986328
2109.01074219,2128.33300781,2055.92871094,2007.41223145
2109.46923828,2127.14111328,2125.46386719,2148.05517578
2110.34082031,2126.55957031,2163.96704102,2192.51171875
2111.57714844,2127.12792969,2165.1484375,2087.10693359
2108.1640625,2120.77880859,2187.33398438,2036.39404297
2101.55957031,2108.43066406,2229.3347168,2172.85766602
2100.25048828,2103.08325195,2315.91357422,2369.89428711
2105.59765625,2108.88793945,2503.1105957,2456.16625977
2107.30175781,2112.98925781,2669.33105469,2410.15209961
2099.73632813,2106.90966797,2594.66796875,2292.75292969
2091.83666992,2099.03076172,2336.30322266,2157.69287109
2091.29907227,2096.45483398,2186.07983398,2077.31176758
2092.18945313,2093.55029297,2219.39770508,2106.53295898
2090.10375977,2088.27270508,2262.32739258,2194.13671875
2093.06591797,2089.52441406,2289.95556641,2269.03173828
2102.95117188,2098.6105957,2418.84667969,2347.5144043
2105.45556641,2103.14477539,2518.08569336,2379.72241211
2094.57299805,2097.85986328,2310.17260742,2192.38769531
2085.9987793,2093.45654297,1891.29650879,1834.40368652
2090.80541992,2098.14453125,1684.29675293,1670.74841309
2098.37695313,2106.06420898,1820.41430664,1847.66271973
2098.57641602,2108.76000977,1999.43847656,2045.7644043
2096.65039063,2104.94042969,2008.3684082,2025.24304199
2095.76147461,2096.04956055,1975.87878418,1986.05859375
2089.50244141,2083.99145508,2053.828125,2147.79199219
2079.33886719,2075.3828125,2169.04541016,2361.38867188
2076.82128906,2078.11376953,2171.65039063,2367.62426758
2084.74047852,2091.59594727,2058.66650391,2200.59472656
2094.53466797,2106.59277344,1973.77941895,2111.3828125
2101.49291992,2115.01904297,1996.99243164,2153.10424805
2108.11791992,2116.48193359,2040.21936035,2136.17578125
2115.22338867,2115.76074219,2093.88085938,2114.67480469
2119.26098633,2115.81567383,2363.90478516,2436.68212891
2116.62475586,2114.84570313,2840.25708008,2986.35864258
2107.09350586,2110.80297852,3058.32983398,3058.78027344
2094.57250977,2104.93725586,2751.57763672,2463.7199707
2085.02441406,2098.52270508,2315.33227539,1916.97119141
2082.47412109,2091.37939453,2142.52709961,1864.91101074
2085.51611328,2085.53881836,2067.703125,1912.64123535
2087.57250977,2083.68041992,1918.6171875,1796.3404541
2084.02124023,2083.56201172,1918.81677246,1817.04296875
2078.82299805,2081.31811523,2135.72998047,2033.1809082
2078.06835938,2078.66186523,2257.84375,2097.86547852
2080.11157227,2079.63256836,2217.31469727,2019.10327148
2080.97973633,2083.13891602,2322.84033203,2128.11206055
2082.14477539,2084.74316406,2602.01391602,2351.92700195
2082.17504883,2082.25952148,2690.4831543,2332.3815918
2072.88061523,2075.40917969,2473.93530273,2083.94677734
2055.49438477,2064.55249023,2246.75610352,1894.18273926
2045.43701172,2053.62548828,2197.49023438,1849.24938965
2050.28051758,2049.70458984,2246.61303711,1917.37744141
2059.30688477,2055.11865234,2378.75854492,2132.42578125
2062.57055664,2063.50878906,2664.83203125,2367.36010742
2063.24755859,2067.7668457,2963.14501953,2353.85473633
2065.40576172,2067.10546875,3006.66625977,2134.57885742
2065.76513672,2062.1940918,2787.27441406,2029.86206055
2063.60302734,2052.09521484,2551.78369141,2086.48413086
2066.6706543,2042.54699707,2474.31054688,2098.06542969
2080.52612305,2045.13220215,2557.43847656,2125.5222168
2098.93701172,2060.03393555,2727.09912109,2361.99829102
2111.75341797,2074.06982422,2839.73022461,2583.49975586
2117.7956543,2081.44335938,2755.26416016,2424.41235352
2120.99829102,2087.30078125,2523.88305664,2061.21435547
2118.98852539,2089.6628418,2327.4765625,1932.99951172
2110.08569336,2083.77441406,2221.20288086,1997.42773438
2106.02197266,2081.94042969,2155.64990234,1966.18530273
2118.22558594,2098.75952148,2183.39013672,1978.27514648
2137.85009766,2122.99194336,2346.92919922,2282.67382813
2149.40136719,2134.12597656,2458.28100586,2575.63305664
2153.12353516,2133.7734375,2328.38378906,2428.20898438
2155.07202148,2133.19287109,2110.16503906,2052.29785156
2152.86328125,2131.23120117,2067.34936523,1920.2310791
2149.28125,2129.79711914,2151.52734375,1996.35119629
2158.11352539,2144.13085938,2181.91650391,2017.24035645
2181.3527832,2176.08740234,2242.40258789,2082.21801758
2202.86352539,2204.78613281,2465.58740234,2311.91772461
2213.22924805,2217.59228516,2641.23632813,2408.75756836
2218.86230469,2223.33935547,2512.17407227,2159.39672852
2224.31542969,2229.66748047,2236.51586914,1872.28747559
2226.90283203,2234.2668457,2109.0859375,1835.18652344
2228.37207031,2239.16015625,2106.87255859,1901.04638672
2234.5065918,2249.76049805,2119.06298828,1965.81958008
2244.68774414,2261.8269043,2243.16088867,2191.49145508
2253.40991211,2267.77563477,2460.77392578,2476.90551758
2259.21948242,2271.01489258,2480.96484375,2441.97119141
2264.46191406,2279.98608398,2249.20532227,2141.85522461
2268.77636719,2293.98730469,2098.9074707,2038.92333984
2268.2421875,2304.9543457,2171.74365234,2191.21142578
2260.92700195,2307.75292969,2269.87744141,2268.42700195
2250.89257813,2302.75488281,2370.06152344,2304.17431641
2244.421875,2292.4609375,2620.65209961,2557.33544922
2241.68945313,2278.40380859,2840.82519531,2782.07519531
2236.22827148,2261.02416992,2713.26708984,2544.44482422
2225.19824219,2243.59082031,2378.79711914,2057.7253418
2213.41503906,2231.70214844,2202.52270508,1858.61218262
2203.29492188,2224.57250977,2176.65283203,1962.99035645
2191.75,2216.14379883,2140.53466797,2093.7565918
2182.20556641,2209.17675781,2236.52368164,2299.52319336
2183.69335938,2212.13183594,2581.72827148,2653.78613281
2191.81689453,2219.1237793,2878.62158203,2843.78271484
2190.88305664,2215.7644043,2830.46972656,2645.73095703
2180.32617188,2205.64013672,2562.5793457,2334.03735352
2175.23876953,2204.22216797,2339.24365234,2257.52319336
2178.36669922,2210.18847656,2278.60229492,2464.17553711
2178.79516602,2211.515625,2453.67773438,2847.21240234
2177.22338867,2210.99853516,2819.13720703,3205.68261719
2183.26123047,2216.86279297,3062.99145508,3237.39599609
2191.73730469,2221.32495117,2948.22729492,2864.98901367
2190.28588867,2214.92553711,2645.8515625,2388.42431641
2183.4609375,2205.99169922,2415.61303711,2095.61743164
2183.1628418,2203.96166992,2273.28930664,2014.24121094
2184.87426758,2201.81787109,2204.49023438,2095.29907227
2177.1081543,2192.24633789,2285.19140625,2276.03930664
2163.95361328,2182.00317383,2424.05615234,2400.62573242
2157.64111328,2177.73071289,2400.56005859,2371.84960938
2158.38549805,2176.02783203,2231.96313477,2274.7668457
2158.47802734,2175.20336914,2155.43188477,2218.24633789
2157.63842773,2179.54052734,2266.82324219,2227.71948242
2160.07006836,2188.06640625,2438.70019531,2291.4375
2163.23266602,2193.67700195,2532.52270508,2345.91259766
2161.67041016,2193.79931641,2540.96948242,2320.21435547
2156.90869141,2190.98413086,2570.78710938,2268.2956543
2153.28955078,2185.88623047,2693.92993164,2262.02514648
2148.78857422,2178.23583984,2796.28417969,2202.81591797
2140.17529297,2171.32861328,2712.17749023,2008.58032227
2132.55126953,2169.69433594,2524.08398438,1845.29272461
2133.07592773,2174.28051758,2489.71020508,1878.30175781
2139.82226563,2182.24853516,2649.33325195,2002.99377441
2146.40332031,2189.95898438,2796.87817383,2090.53710938
2150.82958984,2194.63989258,2856.67407227,2210.92260742
2151.42358398,2194.11474609,2955.09863281,2368.10131836
2145.07617188,2188.99267578,3092.50732422,2368.68579102
2137.99536133,2186.28637695,3107.51220703,2192.90722656
2143.29150391,2193.54467773,3027.91943359,2133.99121094
2159.88671875,2207.0234375,3088.96875,2347.03100586
2171.40576172,2216.00244141,3314.203125,2585.42797852
2171.18115234,2218.9699707,3446.27954102,2573.15942383
2167.57055664,2220.93286133,3384.56860352,2366.99023438
2162.99121094,2218.69287109,3303.37988281,2187.94091797
2151.91040039,2208.05151367,3258.32299805,2094.76220703
2138.96337891,2197.89648438,3110.3190918,1987.23364258
2134.51660156,2196.29418945,2920.37939453,1837.70214844
2135.19287109,2194.50097656,2951.05004883,1753.48828125
2130.5703125,2184.31518555,3190.48828125,1790.88000488
2122.62988281,2175.02246094,3334.13476563,1861.8527832
2119.64526367,2175.92333984,3294.47167969,1910.49353027
2119.52416992,2180.18945313,3286.94921875,2013.70422363
2114.62670898,2179.16796875,3385.77734375,2179.98120117
2104.56518555,2175.02612305,3424.79223633,2229.57275391
2094.62426758,2171.31518555,3375.70605469,2035.63537598
2089.54370117,2166.66625977,3426.80957031,1758.46728516
2092.13818359,2161.58520508,3599.29370117,1697.1739502
2100.15478516,2159.99365234,3634.86645508,1928.84436035
2105.42749023,2162.92163086,3439.0378418,2181.96508789
2102.30615234,2166.3425293,3337.91577148,2154.01928711
2093.00756836,2164.75634766,3593.9699707,1904.35766602
2081.48608398,2156.1027832,3904.88842773,1771.84094238
2068.6484375,2142.96191406,3812.43652344,1969.94506836
2055.27075195,2127.22558594,3435.85717773,2440.70019531
2043.28601074,2108.515625,3278.21923828,2950.99023438
2034.12976074,2092.07055664,3426.81005859,3185.77563477
2030.26086426,2088.24926758,3516.07128906,3028.33666992
2036.26733398,2098.95288086,3392.32714844,2800.10546875
2054.40380859,2116.72900391,3240.9152832,2830.34008789
2079.72924805,2137.87231445,3136.74658203,2933.47827148
2101.55517578,2160.51879883,3003.63867188,2840.13476563
2111.09179688,2175.32788086,2922.06567383,2785.72509766
2109.27661133,2177.93310547,3004.63110352,3011.62597656
2106.46679688,2181.55712891,3092.94042969,3199.57617188
2113.15991211,2198.20654297,2976.43505859,3120.32641602
2131.24633789,2219.9230957,2741.1550293,3196.30688477
2152.14038086,2233.42504883,2588.17871094,3669.35205078
2161.93701172,2237.41845703,2547.48046875,3935.921875
2154.46533203,2236.27929688,2604.21069336,3518.62133789
2141.58813477,2233.77880859,2768.89648438,3016.71557617
2140.97241211,2236.31567383,2845.18823242,3236.92041016
2153.0480957,2247.09130859,2573.0949707,3907.03637695
2164.25732422,2259.31567383,2139.39257813,4091.83154297
2169.83764648,2264.97998047,1999.60131836,3567.38500977
2172.96606445,2262.40454102,2111.46191406,3035.46264648
2168.38818359,2252.13232422,2019.36584473,3063.94433594
2153.49731445,2238.51586914,1748.60913086,3400.90527344
2146.06103516,2232.78393555,1808.51965332,3485.01318359
2160.94604492,2239.16918945,2228.71240234,3257.07910156
2181.37231445,2245.27441406,2440.75854492,3081.015625
2183.21728516,2240.46826172,2211.39257813,2998.79345703
2171.66088867,2231.63647461,1880.12988281,2671.80297852
2165.11083984,2228.34008789,1619.92700195,2169.24072266
2162.82421875,2227.88476563,1263.55700684,2050.94091797
2155.2956543,2225.21777344,913.705688477,2379.55932617
2145.93701172,2221.55444336,951.64666748,2482.390625
2140.24853516,2216.69897461,1333.55004883,2059.29711914
2133.40722656,2208.06005859,1558.02380371,1707.49169922
2123.75439453,2199.79980469,1457.6706543,1960.5916748
2119.56738281,2199.25463867,1403.73779297,2486.01245117
2123.66870117,2204.82080078,1588.10852051,2599.58886719
2128.07470703,2208.04223633,1724.16015625,2173.8671875
2127.22680664,2204.13598633,1651.19824219,1735.31140137
2123.08374023,2193.41308594,1617.99243164,1732.48022461
2118.22998047,2179.15478516,1746.61462402,1973.65844727
2114.50146484,2168.75610352,1831.03967285,2057.20043945
2115.0559082,2168.52416992,1852.72399902,2072.21679688
2119.72705078,2174.71801758,2034.92272949,2287.40527344
2122.22094727,2177.86279297,2250.82519531,2448.95043945
2118.05493164,2175.62060547,2092.47753906,2166.02075195
2111.59082031,2173.11621094,1621.07836914,1686.47741699
2110.27392578,2173.20678711,1338.15563965,1510.36193848
2115.41015625,2175.66137695,1393.04516602,1599.95947266
2123.17675781,2182.7956543,1502.32067871,1662.75390625
2131.06347656,2195.9987793,1578.47839355,1753.30529785
2138.08056641,2208.85693359,1754.30993652,1962.8848877
2141.76635742,2213.14697266,1893.42492676,2003.04858398
2140.73706055,2210.17456055,1729.69580078,1681.90466309
2138.09106445,2207.47290039,1403.70556641,1358.42590332
2137.53540039,2206.42993164,1316.27490234,1429.64074707
2138.96508789,2203.58300781,1547.19335938,1767.3939209
2142.24560547,2202.41259766,1853.43725586,2068.43774414
2150.51171875,2210.51318359,2106.32666016,2315.4230957
2163.59033203,2224.42724609,2326.10131836,2478.72583008
2173.78369141,2232.15307617,2406.63012695,2257.11254883
2175.98754883,2233.11621094,2218.05004883,1620.22753906
2176.00537109,2239.85009766,1937.00524902,1165.88842773
2180.25610352,2256.46484375,1902.98535156,1382.42077637
2185.09008789,2272.11425781,2160.98999023,1914.00854492
2186.97338867,2280.43945313,2467.74902344,2117.28027344
2193.45678711,2288.58300781,2674.20092773,2021.21264648
2209.89233398,2300.37207031,2762.45288086,2096.41088867
2225.28295898,2306.9309082,2653.20263672,2295.78442383
2227.98266602,2303.56738281,2354.59643555,2052.47338867
2225.59692383,2301.50756836,2123.83447266,1250.60803223
2231.26318359,2310.19970703,2153.62719727,592.292114258
2240.74389648,2320.56176758,2331.8737793,814.494934082
2242.91821289,2321.52661133,2519.92114258,1822.57714844
2242.40014648,2321.50756836,2720.93286133,2688.18530273
2250.76782227,2334.10986328,2852.69091797,2536.07543945
2264.5222168,2353.08227539,2774.99755859,1600.11987305
2271.14208984,2362.51318359,2589.44995117,1131.5111084
2268.90039063,2361.63183594,2500.53710938,1787.69177246
2264.72094727,2358.90576172,2447.99658203,2579.28295898
2260.39599609,2353.52587891,2279.46899414,2274.48803711
2254.03417969,2343.02587891,2126.2824707,1330.64990234
2248.54321289,2336.20678711,2194.01318359,1177.12963867
2248.55273438,2339.40039063,2355.46191406,1936.65808105
2252.94555664,2343.0324707,2351.62353516,2379.46118164
2256.20532227,2337.65136719,2231.50878906,2077.62329102
2253.85400391,2328.48193359,2209.12402344,1965.11071777
2244.32592773,2321.09790039,2250.7902832,2453.37841797
2230.69873047,2310.55834961,2203.78100586,2618.60546875
2221.95043945,2296.92431641,2173.82739258,2009.7052002
2224.57373047,2291.12988281,2337.03173828,1829.1418457
2231.25244141,2293.73413086,2506.5949707,3024.5612793
2228.6262207,2290.22436523,2348.43481445,4110.31005859
2217.2878418,2277.47827148,1944.4597168,2730.95556641
2209.39282227,2269.9152832,1701.04516602,-367.023620605
2207.32446289,2271.78857422,1761.25488281,-1309.93505859
2204.2421875,2271.09912109,1930.61694336,1867.2644043
2202.62182617,2265.63916016,2128.94360352,5714.20361328
2208.56054688,2265.5246582,2453.75073242,4549.00878906
2212.71630859,2268.49365234,2784.43603516,-1704.42333984
2202.1237793,2262.1418457,2806.46166992,-4748.48876953
2184.32080078,2248.96875,2525.65234375,1805.53161621
2176.51196289,2242.61962891,2318.09155273,9773.22851563
2179.72949219,2244.4909668,2372.50219727,6086.30371094
2183.61938477,2246.25439453,2497.87841797,-4270.89697266
2185.89599609,2246.75610352,2528.0324707,-4714.87939453
2190.07373047,2248.39453125,2494.52172852,3606.18725586
2194.57885742,2248.21630859,2388.47460938,5662.71435547
2197.19360352,2246.55859375,2140.1887207,4763.9921875
2200.77490234,2250.82128906,1819.15576172,16223.1298828
2206.27294922,2260.53759766,1574.14892578,30002.1621094
2209.46459961,2264.80908203,1458.49853516,21736.7675781
2209.01977539,2261.35400391,1467.99316406,821.583557129
2208.58642578,2259.85644531,1574.91027832,886.790771484
2209.44360352,2262.50390625,1663.39294434,21906.9316406
2209.203125,2260.65209961,1659.5723877,30202.5957031
2206.74536133,2252.38793945,1689.40600586,16314.8623047
2202.75561523,2244.71484375,1849.64624023,4617.078125
2198.46582031,2238.81005859,1967.20031738,5397.78808594
2196.14038086,2229.67138672,1900.44396973,3612.70141602
2196.68676758,2219.19091797,1863.8260498,-4291.20166016
2198.19848633,2216.35180664,2067.0065918,-3899.49902344
2199.87915039,2223.87548828,2281.47998047,5893.68017578
2201.6484375,2232.42797852,2222.30615234,9303.53222656
2199.56494141,2230.98266602,2087.01367188,1839.37854004
2191.80053711,2220.67504883,2197.16992188,-4094.95166016
2186.43920898,2212.93603516,2406.42651367,-1130.63342285
2190.39257813,2212.70825195,2433.83203125,4712.16113281
2196.52783203,2212.81958008,2447.20043945,6055.08789063
2195.61767578,2208.79516602,2692.66601563,2863.94970703
2191.76611328,2206.70629883,2892.56762695,-170.248245239
2192.13085938,2210.66625977,2671.14770508,79.9158325195
2192.93261719,2215.84350586,2271.06835938,2368.75585938
2189.72558594,2219.65039063,2209.70507813,3438.49194336
2190.0234375,2227.42431641,2475.83032227,2374.1171875
2201.47949219,2241.31787109,2635.12792969,1135.64074707
2216.90625,2253.29174805,2526.08691406,1237.8236084
2224.39624023,2254.79760742,2348.23681641,2011.51855469
2224.53955078,2247.65820313,2200.38793945,2140.66015625
2224.96826172,2240.65039063,1987.41040039,1524.05395508
2225.58764648,2238.5925293,1762.75415039,1049.8770752
2222.76538086,2239.63427734,1774.07458496,1346.73962402
2220.95727539,2241.98144531,2056.97436523,2209.29833984
2226.28076172,2247.29980469,2276.06787109,2773.4152832
2234.47631836,2255.17285156,2158.8659668,2223.35205078
2236.87744141,2259.07128906,1850.85754395,981.86541748
2232.58911133,2253.34350586,1623.84973145,553.21685791
2226.43188477,2242.28515625,1492.39099121,1752.71069336
2221.00244141,2235.33276367,1373.95251465,3460.49511719
2216.5300293,2233.6965332,1337.19348145,3167.73486328
2213.59545898,2230.92163086,1414.60400391,55.8643951416
2212.52416992,2226.46044922,1459.89746094,-1788.72729492
2212.18798828,2225.55322266,1407.28955078,2020.97058105
2210.58764648,2225.71020508,1373.56713867,6483.87255859
2207.49023438,2220.35253906,1408.64196777,3356.63574219
2206.44921875,2215.2902832,1465.30627441,-2179.88085938
2210.93945313,2221.52416992,1582.49572754,5.3751244545
2218.73950195,2233.57763672,1775.61193848,3686.92773438
2224.43212891,2236.40991211,1878.02270508,361.018005371
2225.25634766,2229.49023438,1770.44262695,2768.70361328
2220.04541016,2222.62768555,1576.47692871,20483.71875
2207.97143555,2215.90551758,1447.98864746,32375.7597656
2193.64916992,2205.30249023,1382.39453125,20293.3652344
2185.81933594,2197.98339844,1343.66503906,2593.82055664
2186.02783203,2201.35205078,1366.09472656,289.855316162
2187.43286133,2207.52709961,1509.7857666,3727.28930664
2187.26782227,2205.75878906,1778.21972656,357.357116699
2188.91015625,2199.21850586,2022.33178711,-1320.33789063
2190.7175293,2196.65039063,2020.91894531,4442.38574219
2186.85839844,2198.26416016,1793.55371094,7096.52734375
2179.67407227,2198.87744141,1615.54467773,1699.65185547
2176.72192383,2196.30493164,1587.68493652,-2699.00024414
2176.73632813,2192.14477539,1556.88903809,-422.419433594
2173.61791992,2189.79101563,1574.76464844,3887.44335938
2171.2097168,2191.29199219,1912.42407227,4939.10351563
2177.32202148,2193.39306641,2470.26611328,2698.40942383
2186.72216797,2190.89038086,2739.51000977,414.877319336
2187.5871582,2184.28369141,2528.09814453,647.884399414
2181.02880859,2177.57348633,2204.02490234,2617.3515625
2176.8515625,2170.33789063,2066.95214844,3443.58349609
2174.40649414,2160.05224609,1979.54016113,2201.63452148
2165.69238281,2149.55981445,1790.30786133,862.681335449
2153.66870117,2143.98266602,1661.06848145,1033.12341309
2149.15625,2142.22460938,1744.21813965,1997.33300781
2152.09594727,2138.99511719,1876.19470215,2328.31494141
2153.96655273,2135.29174805,1834.21594238,1942.26953125
2156.46899414,2140.11499023,1680.93933105,1687.68664551
2168.35131836,2157.17944336,1639.11547852,1815.33435059
2184.41821289,2174.40063477,1745.65539551,1848.30566406
2188.0,2176.02758789,1819.6262207,1626.09716797
2176.73583984,2164.43798828,1751.68286133,1606.01513672
2167.64526367,2157.76220703,1667.7088623,2014.95483398
2172.10205078,2164.33105469,1717.51855469,2331.64477539
2181.86010742,2174.50708008,1810.93969727,2035.69689941
2186.76513672,2181.46557617,1754.17492676,1499.03417969
2191.44433594,2191.015625,1595.25720215,1512.97424316
2202.64013672,2203.39013672,1559.36987305,2068.1965332
2212.80151367,2207.21337891,1645.2512207,2339.10620117
2213.76879883,2203.06079102,1621.8996582,1957.95263672
2216.23608398,2209.78173828,1451.60021973,1549.08410645
2232.75097656,2233.1184082,1355.08508301,1734.26831055
2250.59790039,2251.42456055,1431.58361816,2256.76074219
2249.07446289,2247.63891602,1562.29992676,2459.85864258
2234.63916016,2232.63842773,1683.75671387,2194.51806641
2228.75317383,2223.40185547,1832.43774414,1881.73132324
2231.93139648,2220.95166016,1948.40002441,1866.66223145
2231.34790039,2221.71582031,1908.05517578,2012.25964355
2230.01708984,2228.46264648,1715.82409668,1982.4440918
2236.62084961,2239.13427734,1491.86462402,1747.47949219
2241.90917969,2243.23779297,1343.90454102,1583.9362793
2234.09912109,2236.87817383,1337.96374512,1636.04406738
2221.29907227,2227.16772461,1475.50854492,1774.89929199
2215.67358398,2219.24951172,1639.75549316,1871.12854004
2213.73974609,2211.69067383,1682.74853516,1899.2545166
2209.64624023,2204.46923828,1605.00598145,1824.26794434
2208.14404297,2200.03222656,1549.3494873,1674.45703125
2211.79663086,2197.73852539,1602.22021484,1618.2623291
2214.43652344,2196.28369141,1712.24047852,1736.25097656
2214.52246094,2197.94384766,1832.29248047,1902.04272461
2217.14135742,2202.46948242,2000.65368652,2033.97021484
2220.58691406,2202.81567383,2191.85620117,2170.2331543
2217.55981445,2194.97949219,2241.86767578,2214.18334961
2208.87426758,2185.16748047,2085.29321289,2005.58337402
2202.16992188,2180.16625977,1922.59606934,1711.1640625
2200.2902832,2178.97094727,1949.04345703,1693.41833496
2201.59765625,2179.63110352,2072.45751953,1934.43054199
2206.34619141,2183.75952148,2128.28588867,2066.51391602
2213.88793945,2188.91674805,2177.78710938,2005.00061035
2218.9050293,2188.07495117,2308.1003418,2010.86242676
2217.05688477,2181.26513672,2354.82177734,2093.89990234
2210.94238281,2176.65625,2168.25683594,1982.69421387
2207.51611328,2177.69458008,1950.91894531,1766.51342773
2211.33984375,2179.89526367,1966.3807373,1870.65673828
2219.58203125,2179.86694336,2119.46850586,2269.67358398
2223.34692383,2176.77978516,2189.65380859,2455.41088867
2217.25854492,2167.82861328,2230.15454102,2292.77368164
2205.88085938,2152.71118164,2340.54077148,2138.91479492
2196.33666992,2138.81176758,2332.07104492,2076.86328125
2190.48510742,2133.74267578,2052.26538086,1859.79760742
2189.4128418,2136.76489258,1747.72668457,1593.78991699
2195.11279297,2141.6418457,1689.59838867,1632.25341797
2201.99487305,2143.1484375,1766.21386719,1877.58520508
2200.03540039,2140.00244141,1806.48193359,1962.48242188
2190.88891602,2135.87768555,1893.43530273,1915.31604004
2186.55371094,2136.34399414,2030.81408691,1958.91479492
2190.91723633,2142.83740234,1982.31530762,1997.02746582
2197.36328125,2152.33325195,1730.72277832,1895.23339844
2202.21264648,2161.45727539,1593.54882813,1832.89611816
2206.36230469,2167.09375,1692.04345703,1930.52941895
2208.26513672,2166.9777832,1822.49230957,2031.77160645
2206.85009766,2163.56347656,1910.12866211,2095.15869141
2205.48339844,2162.16088867,2044.73278809,2225.21948242
2205.76000977,2163.14892578,2117.09155273,2279.00097656
2204.62719727,2162.22680664,1958.39868164,2070.08764648
2200.83178711,2158.31225586,1713.81079102,1825.5760498
2196.17944336,2154.05957031,1621.44360352,1832.58825684
2190.94238281,2150.19360352,1641.20983887,1942.9420166
2186.30493164,2146.76245117,1657.41772461,1972.43981934
2187.27612305,2146.76733398,1733.44726563,2101.84057617
2194.47729492,2150.88793945,1885.66821289,2383.94091797
2199.91137695,2153.35791016,1958.6192627,2463.42993164
2199.45141602,2150.75585938,1924.27124023,2239.67285156
2199.9453125,2148.43310547,1953.46740723,2141.70507813
2205.7722168,2150.99194336,2082.31030273,2360.58569336
2210.75390625,2155.29711914,2159.37158203,2517.07324219
2211.63549805,2159.68774414,2159.98706055,2409.92529297
2215.296875,2168.26538086,2195.90136719,2341.0859375
2224.03979492,2179.09326172,2218.59790039,2419.07641602
2228.16503906,2181.40185547,2067.50097656,2312.22705078
2221.58178711,2171.0690918,1789.89343262,1942.7388916
2211.76635742,2156.67724609,1592.10168457,1686.47241211
2206.77490234,2146.7644043,1528.03686523,1706.61437988
2203.84008789,2142.56518555,1513.80078125,1768.4564209
2198.3203125,2143.7956543,1545.0982666,1781.62426758
2194.71948242,2150.73144531,1652.37304688,1906.19287109
2199.58374023,2159.95654297,1764.61828613,2125.03515625
2208.31445313,2164.95605469,1796.6081543,2209.8581543
2209.44384766,2162.27758789,1754.76025391,2085.20288086
2201.70776367,2156.15893555,1704.5402832,1929.31799316
2195.94140625,2155.61523438,1739.73254395,1937.11682129
2197.46362305,2163.65307617,1890.74230957,2067.01025391
2199.37158203,2172.69091797,1994.20422363,2071.41845703
2198.66137695,2176.80737305,1892.96081543,1883.18444824
2203.74609375,2180.98120117,1755.82397461,1778.72949219
2216.85253906,2189.06103516,1828.6171875,1913.15466309
2225.1706543,2194.47973633,1994.88647461,2065.40185547
2221.23999023,2194.1340332,2058.88549805,2146.50097656
2215.73022461,2195.94189453,2193.03979492,2385.47216797
2217.82592773,2201.56005859,2535.21777344,2700.84838867
2220.65625,2201.13818359,2726.77954102,2634.81665039
2218.12475586,2194.90600586,2467.14770508,2197.60913086
2216.97631836,2196.67456055,2077.39746094,1943.92382813
2221.17871094,2208.3737793,1948.28735352,2023.26635742
2223.90356445,2216.3972168,1961.97814941,2046.9185791
2222.75219727,2216.60913086,1931.7923584,1951.7824707
2223.51269531,2216.87744141,1984.07495117,2036.76855469
2226.37329102,2216.95507813,2112.97460938,2185.65893555
2227.27490234,2212.02685547,2030.30493164,2036.46435547
2228.81616211,2208.72973633,1743.75,1790.2779541
2232.3840332,2213.26025391,1620.46594238,1900.94177246
2230.87255859,2216.10473633,1752.57958984,2213.78222656
2224.12841797,2209.1628418,1919.56359863,2315.54663086
2223.49243164,2200.75830078,2121.9230957,2342.86108398
2230.02124023,2197.96728516,2455.14770508,2569.75073242
2231.18139648,2194.8034668,2635.75,2698.75585938
2224.89672852,2188.68579102,2373.88256836,2401.03076172
2221.76904297,2187.11254883,1970.19494629,2023.5670166
2223.2590332,2191.93530273,1859.7869873,2018.84973145
2221.52929688,2195.84179688,1893.77319336,2195.81103516
2216.83618164,2195.79174805,1728.8873291,2149.48999023
2215.82202148,2195.41870117,1542.38037109,1968.90698242
2218.15551758,2195.5300293,1695.10998535,1998.72973633
2216.98730469,2192.1237793,2007.7130127,2200.7578125
2209.23852539,2183.90380859,1989.35583496,2203.71118164
2202.02587891,2178.11010742,1600.1920166,1929.49377441
2207.70849609,2185.61889648,1279.10437012,1760.13842773
2228.29663086,2208.01464844,1260.93469238,1892.53686523
2250.90429688,2234.87597656,1294.42419434,1984.45019531
2265.94604492,2257.02856445,1180.70947266,1866.1282959
2277.28051758,2273.41870117,1209.19396973,1997.61584473
2287.22363281,2283.35498047,1649.97045898,2555.64355469
2289.97436523,2285.14306641,2104.98779297,2830.62109375
2285.77954102,2282.76708984,1997.27783203,2362.67016602
2282.50463867,2281.59008789,1507.07519531,1780.72314453
2282.14770508,2281.15722656,1256.41357422,1670.46154785
2282.13134766,2280.76953125,1248.97692871,1688.43005371
2283.90551758,2282.05297852,1019.93475342,1575.54541016
2287.47338867,2281.20483398,669.825012207,1767.41174316
2288.19628906,2273.26025391,747.723205566,2291.8125
2285.57373047,2263.68676758,1187.44213867,2435.83813477
2281.62060547,2259.08325195,1329.39782715,2057.47241211
2272.07495117,2253.47485352,991.401489258,1849.29821777
2255.02392578,2241.53613281,681.566772461,2026.90722656
2240.75317383,2232.11645508,755.628601074,2144.22607422
2237.41308594,2231.09399414,1067.11877441,2206.50170898
2237.91259766,2228.38745117,1419.26782227,2575.91210938
2233.54003906,2217.64404297,1766.40332031,2965.29150391
2226.91796875,2208.40917969,2001.33007813,2821.80053711
2222.1628418,2205.96777344,1994.75720215,2364.14892578
2216.57226563,2201.0222168,1805.76184082,2135.73291016
2209.04907227,2189.35253906,1622.42504883,2077.2722168
2204.61035156,2180.16137695,1625.84204102,1976.40808105
2206.08154297,2177.80249023,1926.29980469,2093.03833008
2209.75219727,2175.08447266,2364.00878906,2514.23999023
2210.54492188,2168.88476563,2523.35717773,2721.28955078
2206.07080078,2164.57348633,2285.9675293,2461.98022461
2196.7109375,2162.86791992,2056.97338867,2188.96630859
2185.64257813,2158.14941406,2118.1875,2214.79272461
2177.64550781,2151.30932617,2264.96508789,2354.61035156
2175.36474609,2150.5480957,2367.15600586,2571.7644043
2176.67114258,2156.84057617,2607.92651367,2990.34521484
2176.65673828,2159.78930664,2919.62841797,3295.24316406
2173.24267578,2152.81494141,2931.63452148,3086.35742188
2169.91137695,2144.03857422,2638.28515625,2621.93237305
2170.2487793,2144.32836914,2404.65551758,2370.99804688
2171.66235352,2150.57788086,2326.35864258,2275.30273438
2169.80151367,2151.71899414,2255.30444336,2164.67602539
2166.80200195,2147.2578125,2256.15625,2232.82885742
2167.39257813,2145.73144531,2406.17504883,2502.9230957
2168.90576172,2146.56762695,2474.77050781,2595.72216797
2164.77172852,2140.40454102,2329.25537109,2437.94970703
2157.07788086,2129.07543945,2218.02734375,2384.17260742
2154.64404297,2126.86816406,2280.7265625,2484.22680664
2157.77197266,2135.98779297,2345.18798828,2500.86254883
2157.31030273,2139.00048828,2427.10839844,2567.49023438
2151.73730469,2125.8840332,2732.79907227,2914.46191406
2151.40161133,2111.84912109,3063.10107422,3208.03466797
2160.35888672,2114.33129883,2988.33374023,3050.46826172
2167.94433594,2126.70043945,2605.85913086,2702.63574219
2165.99365234,2132.07568359,2343.66967773,2506.74414063
2161.85449219,2131.84057617,2197.53344727,2255.0402832
2165.45996094,2139.78564453,1962.9152832,1878.36755371
2173.45751953,2154.37524414,1859.89477539,1869.79003906
2175.64697266,2159.52661133,2107.1003418,2315.99438477
2171.03320313,2152.64746094,2352.09790039,2545.48657227
2167.71850586,2149.21972656,2265.60961914,2314.70263672
2168.15258789,2154.31518555,2112.6262207,2186.16235352
2164.32080078,2151.90283203,2151.57177734,2369.17358398
2151.70898438,2133.04052734,2197.02929688,2466.40429688
2138.64331055,2113.18603516,2207.61279297,2512.75830078
2133.43359375,2106.62548828,2465.21557617,2914.39404297
2131.79394531,2104.51367188,2869.3527832,3392.59887695
2127.60229492,2095.85913086,2923.1796875,3287.43969727
2125.31616211,2089.57983398,2576.23388672,2715.69482422
2129.88818359,2096.26196289,2240.58300781,2294.00073242
2135.53637695,2107.16943359,2004.3503418,2097.50366211
2135.70019531,2109.87573242,1690.21142578,1886.51342773
2134.00317383,2107.83740234,1527.59240723,1849.63867188
2136.83666992,2109.71826172,1863.05969238,2215.02416992
2143.56469727,2114.76293945,2398.70581055,2626.28613281
2149.31420898,2119.17700195,2576.46264648,2659.56689453
2151.00830078,2123.06884766,2467.12939453,2487.08691406
2148.37670898,2125.06958008,2481.29956055,2445.78613281
2143.51245117,2122.40258789,2565.23413086,2466.89575195
2139.86425781,2118.00048828,2494.28833008,2439.79248047
2139.16943359,2116.86645508,2521.77197266,2580.14941406
2140.18896484,2117.62963867,2905.08935547,2943.54150391
2141.12988281,2116.77490234,3247.62573242,3122.17089844
2140.52636719,2115.03491211,3086.30859375,2860.98681641
2135.46679688,2111.67773438,2648.09155273,2440.38696289
2124.44213867,2102.67626953,2368.23022461,2140.82348633
2113.60400391,2092.30151367,2219.62792969,1924.80480957
2112.4831543,2093.078125,2081.62207031,1844.71826172
2120.83349609,2106.26733398,2147.97045898,2081.76831055
2129.4375,2117.57348633,2460.48217773,2441.72265625
2135.13061523,2118.98608398,2639.63452148,2501.81958008
2140.88525391,2117.62670898,2483.20361328,2294.82739258
2141.90087891,2117.92211914,2276.40258789,2188.36254883
2131.54833984,2114.93286133,2257.11889648,2224.34228516
2118.84155273,2109.22338867,2336.5402832,2252.20874023
2116.59448242,2107.23535156,2479.19506836,2411.19091797
2118.06298828,2105.44946289,2771.0,2778.31420898
2110.57885742,2095.46557617,3041.26147461,2959.28320313
2100.74438477,2082.45825195,2977.29833984,2685.84228516
2099.64624023,2077.73168945,2629.24291992,2294.62084961
2100.48876953,2079.61645508,2330.85205078,2100.24536133
2096.57788086,2080.73095703,2211.60839844,1969.69299316
2098.69799805,2082.59350586,2186.80664063,1869.25915527
2111.58862305,2086.80078125,2231.04003906,2009.65856934
2120.00268555,2087.3762207,2297.64697266,2235.03637695
2116.82324219,2084.30493164,2206.08300781,2135.49243164
2115.99365234,2086.77978516,1908.76477051,1809.29638672
2124.51904297,2095.8527832,1637.9810791,1696.63562012
2131.91235352,2102.91430664,1599.0480957,1832.95458984
2135.33959961,2107.34179688,1761.69958496,2012.03491211
2144.71142578,2115.81225586,2045.10961914,2307.91577148
2157.94165039,2124.89282227,2411.38598633,2741.91894531
2159.85888672,2123.56298828,2702.73046875,2916.83422852
2149.07519531,2112.30322266,2704.95727539,2593.25146484
2140.8203125,2103.29638672,2463.39355469,2139.43212891
2141.09350586,2101.86499023,2252.65014648,1956.18798828
2140.30395508,2101.48632813,2185.01489258,1963.22241211
2134.56738281,2098.04931641,2142.13452148,1973.3972168
2133.16601563,2096.49414063,2097.12915039,2046.3314209
2140.62084961,2099.66894531,2162.73779297,2213.23486328
2147.54785156,2101.04858398,2303.37207031,2316.24291992
2145.49023438,2094.94042969,2322.44677734,2288.45556641
2139.43774414,2086.78027344,2177.77294922,2235.32910156
2138.63476563,2085.54956055,2078.23364258,2226.82446289
2142.46386719,2090.09667969,2205.87597656,2278.74560547
2144.01098633,2091.91918945,2447.63818359,2382.50732422
2144.16772461,2090.52685547,2508.45141602,2384.69482422
2150.95703125,2095.24682617,2322.14111328,2157.03515625
2163.08203125,2108.59790039,2155.54321289,1911.43566895
2167.77905273,2120.05517578,2165.94921875,1895.91210938
2162.25415039,2123.49487305,2212.83935547,1964.63061523
2161.78271484,2127.46679688,2312.40209961,1989.58630371
2174.79150391,2137.64379883,2697.47680664,2232.87158203
2186.99682617,2143.4777832,3183.25097656,2705.35522461
2184.85253906,2135.70092773,3236.85766602,2869.43505859
2175.82348633,2122.83520508,2872.05908203,2542.67675781
2169.78833008,2115.92236328,2609.02270508,2203.60253906
2161.86962891,2111.13085938,2536.55737305,2052.62597656
2149.52246094,2101.83007813,2359.01831055,1831.95080566
2142.97241211,2092.96655273,2164.8125,1648.36694336
2143.92919922,2089.06103516,2207.49438477,1834.14367676
2138.75805664,2083.12011719,2321.45410156,2180.88623047
2125.19897461,2071.64868164,2336.77709961,2327.55249023
2120.29174805,2065.51586914,2468.43334961,2413.23974609
2131.23950195,2072.14648438,2724.19360352,2549.35693359
2142.99755859,2081.83569336,2701.28393555,2420.87182617
2143.35791016,2084.43994141,2341.44189453,1992.55175781
2137.74243164,2084.42578125,2065.99975586,1725.6920166
2132.89990234,2088.10229492,2017.16625977,1778.66015625
2127.79345703,2092.54345703,1970.23327637,1857.39074707
2126.20507813,2097.3605957,1937.29138184,1892.31628418
2136.68554688,2109.25610352,2092.3125,2060.21704102
2153.34545898,2125.58813477,2268.48168945,2270.79199219
2157.2800293,2132.26953125,2189.45043945,2290.77783203
2144.08984375,2125.59570313,1974.58093262,2176.70043945
2130.65820313,2117.87744141,1911.64355469,2140.60205078
2129.42578125,2117.17602539,1992.05981445,2202.31445313
2135.66381836,2119.26806641,2029.43066406,2228.39013672
2143.14868164,2120.88574219,1976.77197266,2151.49316406
2152.11767578,2124.25048828,1892.94274902,2036.84924316
2160.14746094,2128.7121582,1805.60498047,1994.04602051
2162.94360352,2130.88354492,1727.04528809,2041.69885254
2163.21582031,2131.66796875,1681.01794434,2099.02026367
2165.79077148,2134.67041016,1708.52929688,2139.00537109
2168.61157227,2139.53198242,1872.89880371,2219.54858398
2167.62255859,2141.83422852,2142.14697266,2312.33422852
2164.30029297,2139.45043945,2305.91259766,2290.15649414
2162.18481445,2136.06396484,2206.38305664,2147.3137207
2160.50292969,2134.8293457,1976.12487793,2032.59729004
2155.15332031,2131.40112305,1851.06542969,2021.54199219
2145.59375,2122.25341797,1887.70874023,2063.86499023
2138.35766602,2115.63476563,2034.10559082,2159.45214844
2139.55859375,2119.89550781,2263.1081543,2340.70532227
2146.17993164,2128.05712891,2471.51074219,2489.40405273
2151.97412109,2131.16186523,2478.64355469,2437.74145508
2156.22827148,2133.65893555,2264.66113281,2236.94726563
2156.90820313,2136.70239258,2038.84057617,2088.00708008
2146.75976563,2127.47070313,2017.87902832,2072.71411133
2128.9765625,2105.46557617,2242.84033203,2156.08886719
2120.515625,2092.4296875,2567.12109375,2307.18725586
2126.25854492,2097.17578125,2752.88110352,2429.6472168
2129.09204102,2101.07666016,2670.44897461,2372.22216797
2117.60083008,2092.44995117,2424.32910156,2158.62353516
2102.62207031,2082.06323242,2194.65649414,1986.29980469
2097.1484375,2076.84667969,2030.54785156,1934.4855957
2101.05517578,2072.97973633,1924.71948242,1937.11181641
2111.53442383,2076.21459961,1957.1541748,2024.7989502
2127.66577148,2094.26879883,2172.70703125,2258.61743164
2141.3371582,2113.61376953,2411.86352539,2467.21240234
2143.21801758,2116.41772461,2465.2434082,2422.10961914
2138.69238281,2110.15478516,2349.08569336,2225.54760742
2140.76269531,2111.34277344,2247.72680664,2163.09472656
2150.13305664,2117.16552734,2234.23364258,2264.40258789
2158.09399414,2120.0222168,2249.76708984,2364.62841797
2162.08642578,2127.22802734,2304.12597656,2446.8581543
2163.84838867,2141.25268555,2450.76904297,2556.41210938
2163.41259766,2147.68481445,2587.70019531,2558.3815918
2167.44580078,2145.2565918,2520.08764648,2326.84570313
2187.28515625,2156.61083984,2224.67797852,2003.19946289
2217.90039063,2189.14428711,1900.39038086,1827.76391602
2237.94140625,2218.09448242,1772.59631348,1890.30847168
2237.93505859,2224.92529297,1901.98718262,2132.90234375
2228.53198242,2219.86279297,2135.3046875,2383.38574219
2219.17773438,2215.0480957,2256.95117188,2420.63647461
2208.74414063,2206.62109375,2239.76049805,2250.92431641
2195.68505859,2191.69262695,2262.38647461,2184.08203125
2181.14648438,2177.66455078,2420.72607422,2373.49316406
2165.09936523,2168.7800293,2564.12329102,2523.63525391
2148.28100586,2159.31274414,2529.34228516,2377.68041992
2134.07446289,2143.61743164,2391.17333984,2172.34228516
2126.7277832,2126.62329102,2306.20678711,2197.90942383
2129.60693359,2120.70361328,2258.34863281,2302.68408203
2140.21533203,2128.5546875,2230.44750977,2348.23632813
2147.98852539,2134.39672852,2447.20483398,2657.97241211
2146.1574707,2124.34204102,3010.56982422,3342.69506836
2141.49487305,2108.04931641,3458.47827148,3736.64624023
2141.81445313,2102.11694336,3252.86474609,3307.92626953
2141.61962891,2102.87792969,2586.14892578,2586.59130859
2132.41015625,2098.60083008,2127.27807617,2381.54516602
2119.34448242,2095.25366211,2104.12133789,2631.02783203
2114.34814453,2103.43115234,2175.35986328,2765.22143555
2118.35424805,2113.93701172,2057.37646484,2636.93896484
2124.18286133,2114.84228516,1809.1829834,2455.02026367
2132.41088867,2117.33398438,1595.99353027,2292.12060547
2148.08129883,2135.05102539,1491.91357422,2133.34863281
2165.71386719,2155.0246582,1504.02172852,2074.94165039
2176.21508789,2159.21484375,1653.90429688,2219.78710938
2183.38867188,2155.83081055,1948.12902832,2521.13427734
2194.50219727,2160.80981445,2223.40698242,2747.49633789
2203.86181641,2169.91064453,2188.41357422,2632.00268555
2204.00268555,2174.35913086,1813.98193359,2241.52197266
2200.00415039,2180.15161133,1493.13757324,2037.73254395
2198.66015625,2191.46289063,1550.57470703,2265.28125
2198.9296875,2199.13232422,1788.5222168,2553.83154297
2199.68139648,2198.85986328,1820.89111328,2516.84985352
2201.0402832,2198.08056641,1668.23742676,2372.47558594
2199.53686523,2199.39257813,1647.56359863,2470.64819336
2194.55639648,2196.93041992,1787.0892334,2613.12426758
2191.12353516,2188.82470703,1788.63146973,2459.22802734
2190.13183594,2179.453125,1579.61987305,2222.29077148
2188.73876953,2173.40039063,1469.06872559,2287.45825195
2188.40478516,2173.27368164,1671.24169922,2511.44042969
2188.57788086,2177.11425781,2055.18994141,2577.61962891
2182.16601563,2177.65893555,2426.03808594,2615.05737305
2169.1496582,2169.90185547,2700.65625,2797.45385742
2160.27954102,2157.06835938,2797.0144043,2842.02490234
2159.99072266,2146.93115234,2677.79052734,2542.86010742
2160.97387695,2144.87158203,2485.40893555,2237.54248047
2157.70947266,2149.12426758,2404.63793945,2230.22387695
2151.32983398,2151.49389648,2474.40307617,2363.83422852
2141.41357422,2144.84155273,2653.78320313,2492.92333984
2124.46337891,2128.36962891,2887.56494141,2690.73925781
2103.15869141,2106.79321289,3029.0612793,2817.38574219
2090.21044922,2090.11669922,2940.73876953,2623.0456543
2094.36694336,2088.01269531,2735.54394531,2314.79516602
2105.25610352,2096.09814453,2673.0078125,2297.32958984
2106.71411133,2099.21118164,2789.84960938,2485.38793945
2101.6484375,2093.80029297,2895.4765625,2565.08911133
2102.32104492,2088.85644531,2933.53100586,2616.28808594
2104.62231445,2085.36279297,3047.34326172,2784.97387695
2099.8684082,2079.36303711,3253.1496582,2795.01171875
2096.70825195,2077.28735352,3336.61083984,2457.53149414
2100.14257813,2080.82885742,3160.14550781,2138.36645508
2092.12231445,2073.21386719,2885.48071289,2159.14013672
2064.47436523,2047.47827148,2809.89672852,2331.62939453
2041.29089355,2024.22045898,3038.84985352,2474.12792969
2040.4465332,2017.82788086,3345.02832031,2692.0703125
2046.79711914,2015.33898926,3396.14233398,2893.76049805
2044.92785645,2007.20874023,3146.07641602,2774.71411133
2041.47094727,2004.47436523,2864.0378418,2426.11010742
2040.28149414,2010.59802246,2722.76123047,2256.55102539
2032.98266602,2010.94213867,2614.01123047,2323.79370117
2023.47387695,2001.9309082,2498.11547852,2390.51513672
2027.65649414,1999.29626465,2581.69775391,2464.07348633
2044.6541748,2009.2989502,2894.89672852,2646.41259766
2056.61499023,2019.05639648,3055.45678711,2713.50488281
2055.94726563,2020.40063477,2808.80053711,2456.34814453
2050.39282227,2019.88635254,2467.84204102,2151.62426758
2045.93334961,2021.48486328,2412.93237305,2162.4909668
2041.65905762,2018.88391113,2500.67895508,2391.33935547
2036.18249512,2008.97399902,2421.20874023,2552.57495117
2028.86230469,1998.21069336,2294.74291992,2627.77539063
2020.30480957,1992.37475586,2422.0324707,2708.01904297
2015.34558105,1991.33337402,2711.88647461,2712.02880859
2018.0324707,1994.32897949,2794.5546875,2514.43969727
2023.43603516,1999.30554199,2555.3425293,2166.03344727
2023.70153809,1999.97009277,2258.74755859,1882.66943359
2020.7611084,1995.81933594,2172.61938477,1847.34851074
2021.69372559,1997.17028809,2239.13525391,2007.54101563
2025.08654785,2007.46716309,2257.35180664,2190.41894531
2027.58312988,2016.39172363,2307.50756836,2429.41870117
2037.23059082,2022.26953125,2614.19360352,2827.43652344
2057.97875977,2034.94433594,2978.57885742,3118.5078125
2070.70410156,2046.80541992,2929.80541992,2928.98583984
2058.45703125,2037.61901855,2505.09204102,2430.02563477
2037.93225098,2014.84143066,2190.85498047,2094.02587891
2034.23425293,2006.86157227,2094.62915039,1974.73840332
2042.09277344,2015.77319336,1954.51721191,1885.03271484
2044.50671387,2020.86193848,1844.47802734,1927.03955078
2046.24108887,2020.84594727,2016.07104492,2170.80810547
2055.88842773,2028.74536133,2244.21777344,2290.76879883
2061.203125,2039.00598145,2153.44750977,2112.91235352
2053.67651367,2039.99694824,1914.97045898,1956.02819824
2050.90429688,2042.02075195,1918.07543945,2036.14929199
2066.62329102,2059.30322266,2129.30810547,2197.23486328
2084.26464844,2081.52514648,2336.07128906,2397.17089844
2084.26586914,2088.71020508,2553.1003418,2708.62866211
2073.82373047,2079.11889648,2763.72021484,2869.2409668
2069.48461914,2065.6237793,2769.48461914,2596.23925781
2071.85473633,2057.36767578,2573.92211914,2150.58398438
2074.42724609,2055.55322266,2425.66259766,1922.57910156
2078.51074219,2058.14599609,2397.84936523,1856.31030273
2084.31274414,2061.45263672,2392.42236328,1823.50073242
2082.09692383,2060.44458008,2444.68652344,1963.96875
2066.81860352,2052.66601563,2571.43457031,2209.28295898
2051.97900391,2043.9005127,2585.40698242,2178.24511719
2054.06079102,2045.05517578,2447.31152344,1867.67993164
2068.36816406,2057.84204102,2404.80517578,1718.55493164
2077.69848633,2071.87646484,2510.61206055,1864.64489746
2081.6027832,2082.89160156,2536.32836914,2058.83081055
2092.49853516,2097.39868164,2522.33447266,2282.61962891
2105.3894043,2111.75561523,2748.62597656,2647.46166992
2104.43603516,2112.05541992,3066.79150391,2866.53271484
2095.18432617,2100.46630859,2996.79882813,2604.96459961
2091.98486328,2090.51635742,2540.57104492,2126.44287109
2086.00195313,2079.46679688,2167.93994141,1889.84753418
2068.17236328,2062.31103516,2019.72741699,1835.81945801
2060.97314453,2058.60888672,1861.10925293,1728.41723633
2082.87451172,2083.15136719,1725.91589355,1743.95739746
2110.39135742,2111.14868164,1838.26306152,2036.25195313
2114.67675781,2112.79394531,2011.9498291,2240.94970703
2103.06469727,2096.625,1880.9609375,2094.13867188
2095.16894531,2085.63330078,1591.57263184,1968.10986328
2092.28637695,2080.78222656,1576.61828613,2173.25366211
2091.57666016,2076.23095703,1840.65222168,2401.53027344
2100.90014648,2081.49584961,2097.42333984,2411.01538086
2123.96069336,2103.28857422,2328.99243164,2478.67456055
2147.31762695,2125.23095703,2604.99731445,2689.48339844
2151.36328125,2125.51489258,2690.04394531,2633.67333984
2132.36132813,2105.56152344,2403.72802734,2217.32641602
2109.41259766,2086.32446289,2018.88293457,1906.15063477
2100.54125977,2078.4284668,1829.10327148,1893.39160156
2099.36083984,2073.25366211,1732.40307617,1892.53356934
2095.26879883,2068.83203125,1630.11413574,1859.31518555
2100.74389648,2080.32421875,1721.58056641,2027.73022461
2126.81762695,2110.12963867,2020.97143555,2247.40332031
2152.38354492,2134.76953125,2142.23217773,2158.83789063
2154.24755859,2139.0625,1932.36242676,1906.06469727
2143.70458984,2134.91821289,1759.81445313,1891.19311523
2141.47729492,2133.64672852,1889.24267578,2093.44775391
2145.25634766,2131.57177734,2162.0324707,2320.49438477
2146.80029297,2129.30761719,2477.07080078,2676.19067383
2149.70751953,2132.21044922,2918.10083008,3133.75854492
2153.41333008,2132.51391602,3279.49145508,3233.5637207
2148.30834961,2120.77392578,3165.63476563,2797.47900391
2133.71923828,2105.45263672,2644.24414063,2300.10742188
2118.67749023,2097.22241211,2173.34375,2079.81713867
2109.66894531,2093.22705078,1934.68151855,1920.23181152
2112.50537109,2094.66992188,1823.15698242,1743.03381348
2129.7565918,2110.91235352,1887.6295166,1860.95495605
2146.35400391,2132.02587891,2178.66918945,2237.11230469
2142.10205078,2132.59692383,2415.79956055,2362.93237305
2123.57641602,2114.04125977,2351.21142578,2141.33203125
2115.55444336,2105.62084961,2174.79394531,2048.93115234
2123.07788086,2117.2734375,2143.44360352,2239.24609375
2133.45849609,2131.0703125,2195.6472168,2352.50219727
2146.45141602,2140.32324219,2262.23144531,2334.5324707
2167.11328125,2154.60742188,2481.16333008,2528.32763672
2180.9777832,2167.28125,2806.04443359,2850.92895508
2171.3112793,2160.10766602,2887.79785156,2798.73461914
2148.49560547,2138.2109375,2584.48486328,2343.27929688
2134.35424805,2124.98120117,2146.77392578,1958.32128906
2133.19458008,2127.77929688,1792.84997559,1793.68603516
2138.04272461,2135.01367188,1552.80041504,1654.04333496
2145.47680664,2136.75976563,1527.68762207,1623.59265137
2151.03491211,2131.1184082,1802.67443848,1870.85144043
2149.26416016,2122.20654297,2138.83764648,2101.45678711
2143.49121094,2118.10668945,2222.03344727,2005.81481934
2140.30371094,2120.52441406,2124.29711914,1871.1973877
2138.63574219,2122.02294922,2104.14306641,2032.34912109
2136.30957031,2120.65332031,2165.98852539,2257.97509766
2137.57836914,2122.69799805,2234.55200195,2321.97363281
2145.01293945,2127.42333984,2438.93530273,2463.13110352
2153.55151367,2127.8371582,2780.16870117,2714.76391602
2158.07202148,2126.05883789,2907.2277832,2642.68554688
2160.06616211,2129.57983398,2641.14697266,2205.22583008
2164.21582031,2136.4765625,2289.54589844,1937.99816895
2171.52758789,2139.82763672,2133.92626953,2016.28833008
2177.71606445,2140.19824219,2097.04882813,2087.82568359
2179.52319336,2142.05395508,2081.39501953,2060.99780273
2180.06567383,2144.64648438,2104.83837891,2129.08422852
2181.90844727,2143.56152344,2075.01513672,2196.59790039
2178.41967773,2135.86157227,1904.79968262,2071.07543945
2163.09936523,2122.06689453,1718.01452637,1880.32702637
2144.49829102,2108.06787109,1618.60949707,1797.19372559
2137.93066406,2102.91381836,1583.27526855,1837.03393555
2144.02636719,2109.20874023,1709.5604248,2070.1418457
2149.3371582,2118.44506836,2051.82446289,2442.67456055
2146.78051758,2120.48193359,2267.01318359,2580.84594727
2141.53076172,2114.32592773,2051.13842773,2345.4284668
2136.90722656,2105.31323242,1694.09228516,2096.23681641
2129.55419922,2097.12011719,1584.45678711,2028.76525879
2122.49633789,2093.53735352,1621.75915527,2024.67736816
2127.76391602,2101.06518555,1684.89111328,2255.32446289
2147.06079102,2118.2409668,2001.34362793,2893.36352539
2163.91162109,2129.61108398,2521.46264648,3379.01318359
2166.82128906,2124.63232422,2709.54956055,3108.1628418
2165.01513672,2113.75805664,2382.61108398,2454.21972656
2167.79541016,2110.22631836,1970.4284668,2071.68920898
2167.81958008,2109.53198242,1727.70080566,1884.66748047
2160.97509766,2105.02124023,1502.95373535,1673.08581543
2158.84521484,2104.64331055,1328.4519043,1730.03356934
2163.35009766,2110.52416992,1421.41699219,2136.90014648
2157.38427734,2105.57983398,1653.14880371,2351.63720703
2138.59619141,2084.71850586,1727.07263184,2147.13793945
2129.25878906,2071.86499023,1725.73535156,2051.89819336
2136.82226563,2081.18725586,1886.93945313,2374.67431641
2141.59814453,2091.99707031,2072.90698242,2615.09790039
2134.42358398,2084.88671875,1989.89953613,2323.70678711
2128.21386719,2070.84667969,1723.44567871,1883.35961914
2129.00488281,2066.87011719,1600.10681152,1883.38745117
2132.03344727,2073.14624023,1663.89880371,2217.51220703
2141.09790039,2085.28417969,1701.35217285,2458.46606445
2161.06152344,2103.84667969,1723.21557617,2706.2734375
2182.24267578,2125.54467773,1983.90905762,3247.78320313
2190.93725586,2138.36425781,2439.02783203,3726.86474609
2181.69287109,2128.91796875,2635.0402832,3577.80859375
2157.42749023,2098.67163086,2364.57495117,3011.51293945
2133.234375,2073.13037109,1997.99462891,2699.46191406
2128.09863281,2076.71704102,1876.31079102,2746.76489258
2139.64282227,2098.29663086,1838.20715332,2747.64990234
2147.74755859,2108.28442383,1703.65527344,2613.4987793
2146.91503906,2102.71533203,1744.23815918,2690.79077148
2146.47705078,2096.4128418,2213.1574707,3131.8347168
2143.72583008,2087.91333008,2788.06201172,3578.83959961
2129.46582031,2069.04638672,2965.65576172,3617.97070313
2111.67895508,2050.41601563,2757.87133789,3363.66381836
2105.15356445,2044.68737793,2541.00683594,3237.67724609
2108.01269531,2045.21948242,2397.52148438,3212.92871094
2109.21655273,2042.59265137,2115.04882813,2903.84985352
2108.24023438,2040.22521973,1778.18469238,2468.92285156
2112.16381836,2042.88537598,1797.32531738,2542.57128906
2121.25048828,2049.70239258,2236.97167969,3107.27099609
2129.22583008,2060.71728516,2638.2746582,3428.27172852
2134.64306641,2074.65332031,2693.33032227,3277.93774414
2141.67578125,2083.85888672,2610.68969727,3194.69067383
2149.94458008,2084.26098633,2639.29907227,3407.1875
2154.04785156,2084.24633789,2727.28930664,3536.13671875
2153.14941406,2091.39941406,2816.53393555,3466.15161133
2150.94628906,2097.54785156,2993.11254883,3546.75805664
2148.72558594,2091.71875,3212.65649414,3827.17724609
2147.03369141,2080.37866211,3293.41113281,3922.74804688
2148.45458984,2076.43481445,3218.23706055,3719.70458984
2153.02050781,2076.86669922,3095.58129883,3539.74951172
2158.04907227,2073.13916016,2930.51049805,3568.19458008
2163.9675293,2073.47949219,2762.35839844,3650.08496094
2173.00024414,2090.09570313,2798.2097168,3655.28979492
2183.38183594,2113.65820313,3076.51220703,3637.72924805
2190.61303711,2124.20507813,3295.4453125,3648.12060547
2193.47021484,2120.12548828,3279.32324219,3668.62475586
2196.10766602,2116.32006836,3252.07324219,3695.72753906
2202.37451172,2118.80517578,3376.00244141,3723.60717773
2208.14038086,2118.73925781,3456.17578125,3713.20019531
2206.03222656,2111.59277344,3385.29711914,3669.60229492
2198.80371094,2107.08422852,3413.98754883,3662.26831055
2195.99267578,2113.67236328,3666.50952148,3711.39892578
2198.19775391,2125.66333008,3831.77783203,3745.40625
2201.19458008,2135.59985352,3661.91357422,3713.40112305
2209.10717773,2145.61499023,3392.97973633,3655.74072266
2222.36523438,2154.421875,3358.87915039,3626.83544922
2224.83691406,2150.52514648,3508.65209961,3626.76635742
2206.52490234,2131.95947266,3586.3605957,3636.22680664
2183.65917969,2114.45629883,3522.7746582,3634.74438477
2175.9753418,2110.19482422,3413.93847656,3588.58398438
2182.9609375,2117.05981445,3331.30883789,3525.61938477
2196.98779297,2131.25708008,3314.19555664,3549.66015625
2216.67578125,2150.07641602,3358.24462891,3637.72290039
2236.24438477,2164.85571289,3359.53076172,3598.81860352
2244.75805664,2170.12963867,3278.01367188,3430.31420898
2242.51855469,2172.46118164,3282.48486328,3416.30371094
2238.60522461,2175.65722656,3463.62841797,3618.74707031
2234.2019043,2171.56445313,3586.16430664,3689.60668945
2227.55371094,2158.94506836,3452.34643555,3472.63256836
2226.23388672,2152.75463867,3228.51953125,3265.49829102
2234.99682617,2161.3112793,3067.32495117,3209.9309082
2244.33569336,2173.51000977,2815.74682617,3056.29711914
2246.80712891,2178.93115234,2465.11889648,2790.84228516
2247.26098633,2180.0847168,2375.93041992,2776.22143555
2246.21923828,2177.86889648,2663.18896484,3030.15917969
2235.95141602,2167.28222656,2902.10644531,3111.3737793
2220.68896484,2153.13989258,2796.19116211,2895.28393555
2216.05566406,2149.04541016,2593.90112305,2728.29296875
2224.2565918,2157.58764648,2573.84106445,2758.61572266
2233.37475586,2169.56274414,2659.25268555,2824.99072266
2239.96459961,2181.12988281,2743.98364258,2919.89575195
2249.13525391,2194.12841797,2888.64257813,3091.45654297
2256.94091797,2203.61914063,3040.19555664,3113.94628906
2254.37695313,2201.98339844,2992.69799805,2844.28808594
2243.21533203,2190.91894531,2716.67822266,2536.99731445
2230.8684082,2176.39550781,2379.88085938,2349.26953125
2218.15258789,2159.875,2052.55151367,2079.32666016
2206.41259766,2146.23999023,1732.28161621,1759.37658691
2204.42333984,2147.35668945,1592.25268555,1810.00634766
2212.93847656,2163.00390625,1812.27246094,2263.18310547
2216.60253906,2173.40991211,2205.97753906,2575.65209961
2207.99487305,2168.08959961,2416.20385742,2511.87109375
2203.36157227,2164.50415039,2424.59790039,2449.70825195
2215.37084961,2177.73168945,2446.34936523,2568.28491211
2229.00097656,2192.11547852,2458.57910156,2555.07495117
2226.25268555,2187.38012695,2365.32128906,2379.50952148
2214.49389648,2171.1875,2430.55981445,2493.19067383
2207.52587891,2159.76171875,2888.328125,2939.12280273
2200.52880859,2149.55151367,3346.48730469,3110.25683594
2187.22094727,2134.96679688,3279.16430664,2725.94165039
2179.68432617,2129.79736328,2823.85668945,2237.37036133
2186.80249023,2142.71337891,2421.02954102,2009.01086426
2191.47607422,2153.13452148,2096.34985352,1905.51098633
2173.08276367,2139.06445313,1767.00610352,1846.47180176
2141.43676758,2112.74682617,1717.65759277,1978.6385498
2126.95703125,2103.76782227,2104.11132813,2223.50610352
2138.81958008,2116.39672852,2507.92114258,2321.34716797
2152.07592773,2126.32128906,2538.13427734,2266.41162109
2145.13500977,2117.92456055,2396.96484375,2225.14624023
2130.93261719,2103.57324219,2453.45507813,2250.14550781
2130.79174805,2099.75976563,2689.29492188,2357.04467773
2138.50415039,2105.25512695,2854.40722656,2529.99023438
2140.39648438,2115.04736328,2856.40209961,2567.7878418
2145.87695313,2132.36279297,2805.26367188,2361.74414063
2161.17797852,2150.35693359,2825.6105957,2213.73022461
2162.96972656,2148.02807617,2916.23095703,2384.09399414
2137.67529297,2122.53417969,2991.72143555,2586.11035156
2113.19287109,2099.65478516,3047.2824707,2465.37744141
2115.67749023,2098.24682617,3162.06640625,2249.90917969
2131.24023438,2109.51831055,3292.3972168,2354.25463867
2137.82788086,2118.0871582,3264.76489258,2646.99389648
2136.43432617,2118.80908203,3092.55102539,2712.30639648
2131.88671875,2111.01977539,3069.84448242,2611.56274414
2119.98583984,2097.07788086,3336.00244141,2721.2512207
2105.5144043,2086.3503418,3548.11523438,2932.69628906
2102.81591797,2087.61889648,3341.1496582,2807.7043457
2114.1730957,2099.21069336,3003.21386719,2548.12670898
2127.99633789,2111.09033203,3160.8046875,2839.24365234
2135.02880859,2113.77392578,3750.09228516,3549.09887695
2132.89038086,2105.44946289,3992.6574707,3695.61987305
2121.72631836,2092.20410156,3585.8515625,3002.59912109
2105.42871094,2080.95947266,3094.76806641,2302.29223633
2092.54541016,2075.27539063,2874.8112793,2090.51123047
2089.72216797,2077.68823242,2572.98632813,1937.51245117
2095.64208984,2088.14575195,2087.43994141,1617.77429199
2104.43115234,2100.43115234,1947.83337402,1536.87475586
2112.83666992,2108.28930664,2229.25048828,1735.74023438
2119.26977539,2112.57763672,2168.15283203,1686.16015625
2119.84716797,2116.43286133,1461.38684082,1357.83728027
2115.15209961,2119.56933594,921.505126953,1364.8996582
2115.64306641,2122.06469727,1177.92529297,1800.36206055
2127.00830078,2126.26098633,1662.91320801,1993.64831543
2137.9440918,2131.23217773,1592.04199219,1675.92749023
2137.75708008,2132.33813477,1134.33740234,1363.79492188
2134.83618164,2130.21899414,883.509521484,1359.63623047
2140.66625977,2134.00219727,851.323120117,1380.0135498
2147.95581055,2147.50976563,730.72064209,1361.96337891
2142.51196289,2157.07348633,642.81048584,1627.44970703
2127.43261719,2148.15112305,869.463378906,2068.68017578
2117.38256836,2129.37255859,1147.56396484,2093.11035156
2111.81030273,2116.64892578,951.470092773,1544.1237793
2095.15307617,2103.36962891,383.443267822,955.25970459
2070.64428711,2080.58789063,126.760993958,800.928344727
2065.265625,2067.81176758,452.35269165,1005.918396
2082.51416016,2079.03759766,863.800598145,1235.81835938
2088.91943359,2086.93286133,895.778015137,1373.77062988
2074.14990234,2070.05786133,734.71673584,1592.23522949
2072.72119141,2055.83837891,787.47076416,1913.68664551
2096.12548828,2068.7253418,1029.23693848,1931.54614258
2108.35791016,2085.61328125,1081.6932373,1441.72924805
2097.20849609,2085.08886719,786.065856934,1077.46850586
2096.08178711,2085.56518555,453.169555664,1472.88769531
2113.06420898,2100.75854492,423.769378662,2104.95385742
2115.2434082,2111.85498047,570.65838623,2094.84936523
2096.98852539,2107.72094727,662.679321289,1792.8482666
2089.98632813,2104.53149414,1004.20294189,2176.16772461
2099.79980469,2111.03344727,1885.39758301,3021.74682617
2098.52172852,2113.45385742,2632.92016602,3248.59667969
2080.94580078,2102.88452148,2412.1472168,2830.54956055
2071.93408203,2089.11791992,1749.86621094,2756.20849609
2078.82861328,2083.14331055,1854.90026855,3225.17724609
2082.62670898,2084.80004883,2716.18505859,3456.13330078
2076.93823242,2090.03735352,3349.5234375,3263.39135742
2076.60668945,2097.54321289,3523.41088867,3348.31762695
2084.0480957,2105.36499023,3749.72851563,3896.03808594
2082.55297852,2109.63085938,3998.65869141,4171.85253906
2070.05761719,2110.09667969,3825.73632813,3789.36572266
2066.34960938,2111.29345703,3428.01098633,3349.23242188
2078.58691406,2115.79296875,3416.18969727,3451.72338867
2091.58813477,2121.98242188,3787.70288086,3844.12817383
2098.5703125,2129.96264648,3982.95800781,3951.25878906
2109.18603516,2141.58447266,3781.86401367,3722.65673828
2122.43139648,2151.99853516,3529.23168945,3547.06054688
2122.77758789,2151.06835938,3547.66259766,3620.97509766
2106.86352539,2137.37060547,3743.86767578,3763.35083008
2087.51318359,2119.9753418,3838.28027344,3771.47363281
2071.44165039,2103.20922852,3750.90087891,3691.17138672
2056.17114258,2084.31298828,3640.27368164,3672.9387207
2045.43579102,2068.59326172,3642.88208008,3722.44116211
2046.73266602,2067.34985352,3712.60595703,3728.87207031
2057.56445313,2077.55175781,3739.09912109,3673.68798828
2068.97485352,2084.23364258,3712.97460938,3658.98242188
2076.31494141,2084.12329102,3699.21801758,3724.99804688
2077.53735352,2085.86499023,3712.8894043,3773.36206055
2071.65991211,2089.54589844,3710.42749023,3722.39160156
2066.21923828,2088.60131836,3683.24609375,3640.50170898
2072.59155273,2086.78857422,3679.05810547,3646.33813477
2086.06982422,2089.95385742,3717.40014648,3732.24438477
2086.76391602,2088.91333008,3746.46069336,3777.16040039
2069.40380859,2073.91577148,3718.66162109,3722.22265625
2051.77490234,2054.75048828,3668.26416016,3648.80249023
2043.03881836,2043.70483398,3666.33227539,3656.08618164
2031.58520508,2034.7401123,3716.8996582,3725.10791016
2017.61779785,2021.97631836,3749.98046875,3757.78588867
2021.09765625,2017.09619141,3721.74853516,3717.98730469
2039.83984375,2025.73388672,3673.87011719,3669.63476563
2042.67199707,2031.92932129,3670.14916992,3675.26147461
2023.9630127,2027.13793945,3709.26269531,3714.94824219
2017.62426758,2026.67016602,3735.49169922,3730.60522461
2037.09729004,2039.03161621,3719.0793457,3710.04174805
2052.34399414,2048.75732422,3688.73022461,3689.71118164
2045.92041016,2044.96801758,3683.51464844,3693.58105469
2039.55505371,2037.67358398,3702.76489258,3707.04638672
2046.45495605,2034.53222656,3717.31152344,3709.71459961
2048.18066406,2028.26049805,3712.57202148,3704.26074219
2036.15515137,2014.76904297,3701.53588867,3703.52075195
2029.59448242,2002.70739746,3699.68969727,3707.5300293
2037.39147949,2000.8338623,3704.53271484,3706.86523438
2042.69396973,2008.3729248,3705.58227539,3700.79833984
2036.06176758,2017.02905273,3702.84350586,3699.06518555
2028.79614258,2017.50720215,3703.88134766,3705.63037109
2027.21813965,2008.65686035,3707.88842773,3711.21313477
2024.59106445,1999.31066895,3706.19946289,3707.13183594
2020.70983887,1995.75183105,3698.82055664,3699.05688477
2022.5546875,1994.38525391,3697.02368164,3698.59960938
2026.37768555,1991.74194336,3705.08325195,3705.69995117
2022.5447998,1990.21887207,3711.45703125,3709.33544922
2015.47192383,1990.05102539,3705.85180664,3704.46240234
2017.18347168,1987.15039063,3695.62670898,3698.63134766
2023.25561523,1979.27404785,3695.28369141,3700.09130859
2016.98095703,1966.47351074,3705.41918945,3706.75048828
1997.9375,1950.18273926,3712.79150391,3710.3503418
1982.66625977,1934.32763672,3709.4440918,3707.29150391
1974.90270996,1920.7578125,3701.83032227,3701.88500977
1964.10241699,1909.58728027,3699.38623047,3700.52197266
1954.91223145,1907.7734375,3702.27539063,3704.66967773
1961.05883789,1919.43188477,3704.7824707,3709.20141602
1969.42822266,1927.15612793,3705.22045898,3707.82666016
1952.73583984,1909.73742676,3706.26635742,3701.34692383
1916.96118164,1876.19152832,3707.38696289,3698.27441406
1895.79980469,1855.76220703,3703.83642578,3703.56396484
1904.7434082,1862.68566895,3696.27416992,3710.03833008
1932.49719238,1890.49023438,3695.62207031,3708.08520508
1960.86425781,1923.14807129,3708.95410156,3700.86254883
1971.24169922,1938.6151123,3722.18554688,3699.51806641
1955.53344727,1923.5098877,3712.71435547,3704.8659668
1930.20336914,1890.33361816,3685.91210938,3706.97290039
1915.9140625,1862.73266602,3679.13549805,3703.81811523
1911.41394043,1850.14538574,3710.6784668,3704.80566406
1908.65783691,1849.11328125,3742.52612305,3710.89672852
1910.02282715,1853.26025391,3725.5324707,3708.29760742
1913.85290527,1854.42834473,3674.27270508,3693.13989258
1912.90161133,1850.60546875,3657.03613281,3686.72485352
1913.16882324,1850.64489746,3701.83886719,3706.53930664
1924.6652832,1858.55529785,3751.37719727,3731.00195313
1939.33679199,1865.65710449,3739.04760742,3720.48095703
1942.19885254,1865.39880371,3681.74023438,3678.29614258
1931.64855957,1858.71472168,3655.87255859,3660.91333008
1917.27697754,1847.43505859,3691.05517578,3703.28051758
1912.77185059,1840.5904541,3734.63793945,3756.2421875
1926.34143066,1852.04431152,3733.11791992,3741.8112793
1943.93603516,1873.77307129,3703.54541016,3668.3503418
1940.48217773,1877.2322998,3691.67163086,3635.44287109
1916.7902832,1857.18847656,3696.20874023,3697.44848633
1898.79992676,1841.68383789,3688.20629883,3774.69262695
1899.60388184,1847.44494629,3683.71484375,3757.66748047
1909.86755371,1861.60644531,3722.67480469,3666.69335938
1918.49755859,1872.90490723,3771.52709961,3628.1652832
1921.02038574,1884.37414551,3736.69970703,3692.47924805
1918.42602539,1893.95214844,3620.80053711,3763.32421875
1915.71716309,1892.9654541,3579.21557617,3745.15209961
1910.73120117,1880.40393066,3719.81591797,3681.00683594
1894.87573242,1860.41870117,3891.546875,3670.20922852
1875.28112793,1837.7644043,3827.95410156,3706.58251953
1870.83459473,1823.47790527,3546.29467773,3705.13598633
1879.39904785,1826.11340332,3422.56298828,3669.40258789
1883.5604248,1837.89404297,3692.09472656,3697.97729492
1887.2635498,1848.11743164,4027.24047852,3788.66943359
1903.80578613,1856.79968262,3934.26757813,3781.63134766
1916.68469238,1858.17480469,3507.10766602,3612.609375
1902.06652832,1839.24938965,3331.3203125,3503.5246582
1877.81079102,1812.1661377,3578.92382813,3688.2277832
1879.73706055,1810.42822266,3774.59106445,3981.31176758
1904.2052002,1838.48620605,3646.19677734,3926.28295898
1921.06982422,1865.52026367,3483.69799805,3496.11450195
1923.82910156,1874.4029541,3330.1875,3276.80639648
1924.51831055,1874.72460938,2730.38037109,3627.98339844
1922.86779785,1872.00598145,1803.86682129,4049.8737793
1916.19287109,1864.57751465,1521.0958252,3909.40356445
1913.57080078,1859.40209961,2190.24609375,3418.85644531
1916.40734863,1859.94006348,2719.81762695,3205.56591797
1915.14990234,1858.08251953,2186.72265625,3258.9050293
1915.31750488,1855.92248535,1139.92883301,3117.07641602
1930.49450684,1865.89233398,573.527099609,2812.90625
1949.78466797,1881.95178223,544.573547363,2783.15063477
1951.02648926,1885.19604492,557.483947754,3035.90917969
1938.5333252,1876.84362793,528.833312988,3164.12182617
1932.78601074,1873.51037598,649.007873535,3044.26660156
1937.66540527,1880.06872559,793.311828613,2942.48681641
1946.24902344,1893.40722656,675.170288086,3010.30541992
1959.23925781,1915.11047363,374.015533447,3005.07592773
1976.22021484,1940.14025879,277.095733643,2546.14355469
1987.17358398,1952.81921387,497.808380127,1704.79150391
1984.74414063,1947.34362793,671.82232666,1209.11071777
1973.73657227,1936.78894043,489.340057373,1564.21826172
1968.55334473,1937.94360352,174.488296509,2148.27978516
1981.92858887,1956.21044922,149.724761963,2055.25024414
2005.92553711,1981.06323242,408.611083984,1574.68591309
2016.89709473,1994.82043457,570.031066895,1645.38183594
2013.68774414,1994.33459473,455.706390381,2156.24951172
2020.65930176,1996.09399414,277.571685791,2172.27661133
2039.59631348,2010.44042969,265.077423096,1554.26464844
2045.35375977,2027.8918457,376.774261475,1021.72210693
2036.43310547,2039.17651367,440.260925293,892.830200195
2036.50671387,2046.63745117,404.55456543,878.885131836
2051.46118164,2052.11743164,354.766113281,845.504699707
2071.75927734,2055.59619141,353.155029297,922.879150391
2094.50024414,2062.64624023,369.590270996,1050.34802246
2112.03808594,2075.48242188,365.373626709,951.348876953
2113.36425781,2086.59960938,361.253692627,526.94708252
2106.96069336,2092.390625,384.690124512,77.7558517456
2109.20898438,2098.33984375,405.800506592,39.0551185608
2122.51708984,2106.01611328,381.374908447,425.007873535
2142.94360352,2110.41064453,334.797943115,724.20916748
2159.39672852,2109.85717773,333.342315674,563.56439209
2150.72485352,2106.59106445,387.919372559,212.379104614
2119.87353516,2101.83618164,427.840393066,138.989440918
2101.97509766,2098.40087891,395.850341797,355.050689697
2113.14624023,2103.17895508,330.815246582,517.532592773
2139.55786133,2121.65576172,319.049499512,459.302276611
2177.33251953,2149.88256836,377.972625732,327.206939697
2219.56762695,2173.17285156,430.13494873,291.580841064
2229.32543945,2178.64550781,404.860168457,342.478515625
2194.16064453,2171.08935547,333.820861816,393.360229492
2164.3996582,2167.14770508,312.04675293,423.520568848
2178.1027832,2173.15576172,371.543762207,424.742858887
2203.80517578,2181.52587891,434.33102417,361.739685059
2205.25512695,2187.99389648,413.790374756,309.327178955
2202.09057617,2198.04223633,334.254516602,411.875396729
2221.66040039,2215.66137695,303.255401611,580.530090332
2242.70727539,2234.82739258,365.406280518,552.175598145
2234.0300293,2244.65991211,437.587432861,350.770843506
2214.76196289,2243.76635742,421.828155518,277.238586426
2224.55981445,2245.15283203,341.639953613,406.103057861
2251.19140625,2256.51293945,307.619598389,551.962768555
2249.04760742,2264.92431641,360.604553223,662.190307617
2226.61010742,2260.97387695,419.172973633,792.194946289
2239.34301758,2261.16650391,404.746429443,876.866760254
2284.92749023,2277.66186523,353.179321289,867.766113281
2295.73413086,2290.34375,346.119567871,806.949157715
2256.43310547,2283.00170898,378.371734619,652.355224609
2229.26953125,2275.80175781,377.891326904,437.183990479
2239.67773438,2287.40551758,343.842468262,445.173736572
2244.40087891,2301.23364258,360.865661621,741.811706543
2230.67749023,2299.04589844,437.656921387,955.066223145
2235.70751953,2291.22363281,440.604614258,995.247009277
2259.91870117,2293.42724609,302.429656982,1275.65039063
2265.39404297,2303.87573242,207.314941406,1772.30249023
2251.69042969,2311.47558594,359.468719482,1836.04089355
2245.03637695,2307.31542969,600.698181152,1385.98303223
2241.74951172,2292.23730469,554.511657715,1189.22583008
2229.52929688,2277.5234375,210.630554199,1526.90991211
2219.81445313,2267.85375977,32.2693786621,1738.82678223
2219.34375,2256.76000977,311.943786621,1521.7175293
2222.17529297,2249.65844727,718.889038086,1508.27392578
2236.58520508,2260.58691406,765.356872559,2047.22021484
2263.59130859,2277.94189453,520.465087891,2499.99072266
2269.19726563,2274.52978516,464.964324951,2337.44042969
2232.74658203,2252.72094727,700.371704102,1981.33642578
2189.16064453,2237.77514648,844.008972168,1968.90527344
2180.52587891,2237.52636719,830.875976563,2149.79711914
2204.48486328,2245.93212891,1135.31738281,2272.45214844
2235.86108398,2263.60205078,1867.59912109,2542.26855469
2259.03955078,2285.14941406,2404.89135742,3051.98828125
2265.24291992,2293.83154297,2372.38037109,3370.98608398
2251.36938477,2285.94311523,2203.70800781,3154.10327148
2227.99414063,2274.24633789,2252.50732422,2617.10449219
2210.49389648,2265.4753418,2182.35766602,2169.53393555
2208.06103516,2259.29150391,1745.16711426,2010.02294922
2225.15332031,2260.78662109,1383.40844727,2137.88818359
2251.28515625,2271.09082031,1548.15234375,2411.98901367
2255.05688477,2277.4284668,2005.28723145,2601.85351563
2225.57910156,2270.22436523,2211.56542969,2559.51782227
2203.26831055,2257.49853516,1994.24108887,2313.98950195
2219.81762695,2250.56835938,1621.74487305,2018.92504883
2239.76635742,2248.66308594,1432.11315918,1874.65307617
2223.8984375,2245.50097656,1532.453125,1986.0838623
2202.05175781,2239.34790039,1789.49157715,2250.47119141
2209.91821289,2231.49414063,2040.4107666,2482.53466797
2214.9543457,2222.74584961,2234.87939453,2571.02172852
2183.38696289,2213.81713867,2346.20922852,2444.31787109
2152.44165039,2206.7253418,2281.03442383,2088.80249023
2161.49243164,2206.80957031,1985.02929688,1658.74584961
2183.46411133,2220.1730957,1566.78808594,1356.45727539
2187.90283203,2243.7878418,1235.43310547,1218.7076416
2196.49584961,2263.90185547,1115.87109375,1179.04174805
2224.23901367,2271.13818359,1141.50549316,1221.89355469
2240.12182617,2269.80493164,1159.19665527,1328.47241211
2225.88476563,2266.59570313,1119.98730469,1377.60546875
2208.0546875,2261.09667969,1058.36413574,1226.43395996
2209.13916016,2254.52050781,932.352111816,913.242980957
2222.28100586,2255.78564453,704.998046875,704.935058594
2237.87133789,2269.12231445,525.011413574,768.04498291
2248.87988281,2283.82788086,551.12689209,886.528991699
2241.74316406,2285.66918945,694.078491211,844.987915039
2217.91918945,2273.7265625,786.303771973,877.143432617
2201.35668945,2258.22509766,819.292724609,1195.87805176
2202.38110352,2245.40234375,812.390563965,1422.95568848
2205.22338867,2233.03173828,726.431152344,1174.40356445
2200.22680664,2219.75878906,626.029052734,766.858276367
2194.07543945,2210.15234375,598.203918457,628.407043457
2188.49536133,2208.05615234,526.672302246,572.275756836
2180.13500977,2211.36474609,312.67767334,337.960998535
2176.63378906,2217.13256836,168.049713135,209.068664551
2187.59521484,2225.83642578,296.838653564,449.283599854
2202.57226563,2234.89892578,505.514953613,714.055908203
2197.89794922,2235.13647461,500.113128662,577.624450684
2170.32446289,2222.62353516,338.709869385,205.856674194
2147.38500977,2207.2265625,272.74395752,81.3803100586
2152.09594727,2200.83911133,346.538848877,324.217010498
2174.86132813,2205.23388672,412.462738037,589.155700684
2194.10839844,2215.76806641,398.768035889,559.010620117
2200.65258789,2224.91870117,366.399169922,337.243011475
2190.56713867,2222.67529297,366.613037109,255.256820679
2164.09179688,2208.73486328,375.506652832,397.187774658
2138.58154297,2199.01074219,364.701049805,530.653320313
2136.64868164,2205.31054688,354.393127441,499.641296387
2163.23388672,2219.84155273,369.183197021,438.920288086
2205.63256836,2231.54223633,390.929901123,514.554199219
2240.35327148,2239.98120117,388.595214844,642.03729248
2244.06225586,2244.34790039,362.590484619,619.598510742
2221.74487305,2240.62231445,341.753997803,472.807250977
2204.80981445,2235.68212891,357.294494629,446.663818359
2201.79516602,2241.64672852,401.717254639,575.320129395
2191.61914063,2253.89086914,407.617889404,578.00012207
2177.62011719,2256.02734375,342.78012085,435.425018311
2186.08740234,2245.24560547,316.539886475,611.297668457
2205.34960938,2233.66235352,443.308959961,1240.09716797
2199.43115234,2228.46875,613.985656738,1653.76208496
2177.20996094,2226.34521484,612.623535156,1331.85314941
2173.86230469,2223.40185547,449.565643311,720.475463867
2184.74023438,2219.85473633,338.404449463,471.547119141
2187.34619141,2217.54321289,358.515472412,517.837463379
2191.94458008,2218.34008789,390.46105957,491.304260254
2210.91186523,2224.71044922,368.273132324,420.21295166
2226.52172852,2239.68920898,358.45526123,499.614013672
2230.46362305,2261.84960938,390.800994873,656.294433594
2238.1472168,2279.98706055,401.429656982,697.856506348
2245.6418457,2282.59277344,361.290100098,620.016235352
2236.10400391,2274.35791016,334.596801758,581.135192871
2225.32592773,2270.08105469,373.595336914,649.014038086
2235.61303711,2272.60766602,425.536743164,674.825622559
2246.68481445,2273.76293945,407.191589355,546.278259277
2235.33007813,2273.49121094,343.170166016,470.556762695
2227.13916016,2277.33544922,336.799041748,686.179870605
2248.12817383,2280.08447266,406.914489746,991.973937988
2266.94677734,2273.07958984,463.16317749,976.810546875
2244.66113281,2261.1796875,448.255981445,633.609924316
2205.57470703,2254.17285156,407.449005127,363.50088501
2200.74902344,2251.07470703,416.033355713,425.721221924
2225.37451172,2247.95239258,484.813049316,653.747070313
2230.25073242,2248.03759766,527.205444336,735.401367188
2206.93310547,2252.08911133,458.770751953,646.962463379
2201.08178711,2254.10375977,347.797302246,632.344360352
2230.70776367,2253.76196289,332.882965088,727.322814941
2252.23876953,2256.14501953,396.90512085,709.917480469
2235.97509766,2258.16381836,450.515777588,673.424133301
2215.83081055,2253.81054688,568.658569336,1000.33868408
2222.65893555,2248.08398438,819.180603027,1536.91638184
2227.05297852,2247.46923828,990.263916016,1627.65270996
2201.66430664,2246.85571289,874.60723877,1208.47229004
2182.88769531,2242.35864258,638.21295166,921.290344238
2208.16870117,2242.55126953,527.741149902,977.91394043
2244.71118164,2252.69946289,489.196136475,944.578674316
2243.51660156,2263.54370117,437.053497314,759.526367188
2216.64111328,2266.71777344,513.758483887,895.212463379
2205.84960938,2266.796875,715.704162598,1374.40087891
2217.99755859,2270.39379883,724.600585938,1559.99401855
2233.45678711,2275.35180664,459.070281982,1098.30126953
2241.46728516,2276.50634766,273.465820313,456.225006104
2241.22924805,2274.37426758,348.107177734,426.420379639
2235.96655273,2274.25439453,502.087249756,1295.98278809
2234.42675781,2279.7902832,743.036682129,2347.29492188
2240.32958984,2288.22753906,1232.30969238,2393.88354492
2247.37207031,2292.31958008,1665.36071777,1352.4564209
2252.30371094,2289.51928711,1552.38342285,735.043640137
2254.27880859,2286.66674805,1065.52978516,1554.265625
2245.10668945,2290.37158203,758.587158203,2490.7644043
2227.36010742,2298.33911133,663.221496582,1743.30566406
2227.30029297,2306.98608398,488.947845459,38.5894241333
2257.93505859,2317.29248047,362.391143799,-256.318145752
2292.02294922,2324.64379883,568.405456543,1251.48181152
2300.9597168,2318.2578125,907.607543945,2426.49584961
2289.94775391,2301.46337891,981.864013672,1901.62866211
2272.18408203,2294.6184082,831.116577148,908.898803711
2247.5612793,2306.31005859,781.184020996,986.123657227
2226.71020508,2320.53417969,886.25769043,1536.61364746
2233.66040039,2322.91259766,942.705505371,1230.70251465
2263.88305664,2318.63964844,939.313354492,764.668762207
2277.56787109,2313.95532227,1094.6986084,1872.23950195
2255.05053711,2303.64746094,1408.56958008,3670.42578125
2225.6784668,2289.82543945,1551.63049316,2984.65283203
2221.07910156,2287.78198242,1352.36804199,-283.700897217
2232.93481445,2298.29467773,1047.85351563,-1625.17407227
2241.77905273,2300.91137695,885.884521484,1815.48828125
2253.46899414,2290.37890625,840.486022949,6048.36962891
2274.60498047,2289.03051758,872.054443359,4426.11425781
2282.12158203,2305.328125,1055.44946289,-2650.46191406
2255.66210938,2315.27050781,1287.53186035,-5567.41601563
2219.20996094,2305.52758789,1297.74023438,2135.68701172
2213.015625,2296.54272461,1098.66711426,10775.3388672
2235.24169922,2300.41357422,1002.39611816,6057.08837891
2245.58691406,2297.36083984,1108.58959961,-6171.33154297
2225.82470703,2277.91674805,1238.43371582,-7085.11523438
2203.21020508,2265.13525391,1382.50256348,3226.49121094
2201.80444336,2270.55322266,1665.59265137,7958.45556641
2206.83984375,2272.62768555,1899.40466309,6862.63183594
2203.56958008,2262.43164063,1782.75646973,14337.4189453
2210.17871094,2264.23339844,1481.88989258,25638.9628906
2235.35473633,2287.33911133,1392.91381836,21646.5429688
2249.77441406,2304.3972168,1466.62182617,5973.69824219
2238.0859375,2299.32104492,1397.12341309,2835.91113281
2227.61425781,2291.09985352,1269.79418945,17600.3027344
2235.32470703,2292.73999023,1366.05981445,27791.65625
2242.39404297,2291.65991211,1549.27612305,17941.984375
2239.43237305,2283.71362305,1492.17907715,3192.55761719
2240.45800781,2283.33959961,1301.55627441,6201.30664063
2245.18505859,2290.82250977,1314.8560791,21839.9082031
2238.61328125,2289.11254883,1500.90966797,25750.6445313
2226.23095703,2278.09204102,1635.24816895,14312.5644531
2226.63110352,2275.77636719,1812.65344238,7054.82324219
2236.11035156,2284.18457031,2198.64770508,8719.48242188
2236.45019531,2287.73339844,2540.83325195,4232.70751953
2229.09130859,2283.58935547,2513.92138672,-6346.5
2228.36865234,2281.11572266,2279.27807617,-5560.39697266
2229.11865234,2276.2878418,2176.00170898,6864.58398438
2217.51904297,2259.86010742,2185.97192383,11484.0791016
2206.83300781,2243.76000977,2176.41577148,2414.4296875
2218.48901367,2245.63623047,2265.54345703,-5271.69921875
2236.34667969,2256.84301758,2495.55297852,-1784.14501953
2231.45581055,2259.24755859,2567.17749023,5600.74560547
2217.19335938,2259.56054688,2309.22485352,6958.00585938
2223.078125,2272.31152344,2018.97998047,2428.85498047
2239.06469727,2287.11303711,2000.99523926,-1070.0604248
2242.66064453,2288.79418945,2132.64794922,151.379547119
2244.78637695,2288.67822266,2163.375,3195.25683594
2256.01342773,2299.81030273,2100.13647461,3902.43945313
2252.53222656,2305.51318359,2029.05822754,2374.52001953
2222.71020508,2288.94848633,1845.59106445,1305.82312012
2200.72509766,2268.45361328,1444.02502441,1344.05578613
2213.35229492,2267.91845703,995.864379883,1137.93688965
2235.26831055,2277.24194336,804.273620605,472.869537354
2233.35351563,2275.78881836,968.826843262,682.319396973
2221.14306641,2270.65454102,1314.1505127,2030.58496094
2230.73583984,2279.18774414,1562.04626465,2795.17285156
2253.85668945,2294.32080078,1542.20275879,1761.30236816
2256.04345703,2297.62719727,1341.87573242,278.089691162
2237.96704102,2291.8671875,1217.90710449,495.884246826
2232.11132813,2293.98852539,1283.54626465,2194.7097168
2242.94873047,2304.13769531,1434.74475098,3051.7109375
2243.98071289,2304.15209961,1641.87731934,2112.375
2232.21826172,2286.86254883,1991.39501953,1129.35803223
2232.59887695,2269.39526367,2327.17236328,1715.11035156
2247.49926758,2268.11743164,2285.11572266,2918.32788086
2247.37548828,2272.69775391,1881.58837891,2915.85693359
2218.84057617,2263.7956543,1615.95935059,1776.32141113
2191.35986328,2247.8840332,1744.24731445,1027.12634277
2198.88330078,2246.11767578,1908.3782959,1302.87451172
2227.80737305,2254.73803711,1801.52124023,1881.80456543
2231.57983398,2252.38623047,1739.21118164,2140.34741211
2198.80371094,2241.29882813,2096.4309082,2187.14160156
2167.99121094,2241.95776367,2561.95776367,2180.15869141
2165.67333984,2253.83227539,2585.18652344,2055.72705078
2176.49584961,2259.12866211,2309.32006836,1948.92529297
2184.41845703,2255.28979492,2337.65917969,2112.70288086
2194.98339844,2253.35449219,2739.83813477,2461.21875
2208.87988281,2258.03222656,3060.93432617,2748.63110352
2213.13867188,2267.28588867,3186.3293457,2971.44384766
2202.35253906,2274.98876953,3400.53564453,3154.22412109
2186.97436523,2272.15991211,3679.33398438,3146.81225586
2182.74194336,2262.6862793,3681.3684082,2987.79150391
2194.27709961,2263.35522461,3404.84594727,2955.92822266
2203.8515625,2274.50170898,3235.99414063,3046.42456055
2191.29321289,2278.84057617,3362.54785156,2981.44677734
2170.06079102,2276.71508789,3573.00097656,2818.30908203
2174.40771484,2285.24291992,3620.59106445,2917.22558594
2205.63256836,2302.14355469,3519.41259766,3274.26342773
2228.08105469,2309.47387695,3468.40380859,3464.73754883
2224.39575195,2307.42578125,3582.52246094,3298.296875
2215.07421875,2310.07250977,3742.54125977,3085.70239258
2215.02148438,2317.10449219,3761.00073242,3159.94799805
2210.52709961,2315.34008789,3652.24487305,3430.83007813
2193.05297852,2299.95043945,3595.53955078,3583.37963867
2180.4765625,2281.01757813,3656.79882813,3546.88769531
2186.50463867,2273.25097656,3723.58251953,3518.09326172
2196.48193359,2280.04931641,3716.91650391,3587.71826172
2191.40942383,2288.73706055,3695.17285156,3639.46459961
2174.96362305,2288.31811523,3713.49731445,3623.24145508
2162.34155273,2283.70703125,3722.94238281,3642.66552734
2158.75805664,2282.11547852,3677.41381836,3735.0078125
2159.65380859,2280.32446289,3641.20581055,3791.33666992
2161.44946289,2275.84619141,3694.21411133,3731.50048828
2165.59741211,2272.88720703,3782.51367188,3624.42626953
2174.15478516,2270.81030273,3774.96582031,3617.91308594
2180.79443359,2263.5078125,3663.88647461,3767.63574219
2171.76000977,2250.59594727,3597.77148438,3901.38769531
2145.62866211,2237.36279297,3673.42138672,3756.60131836
2125.08813477,2229.94018555,3790.10571289,3408.70776367
2133.31640625,2234.65917969,3789.72021484,3371.10375977
2162.99609375,2249.21435547,3679.91894531,3895.57202148
2185.86914063,2257.52026367,3613.70166016,4344.78564453
2189.73632813,2249.3034668,3666.32177734,3912.14868164
2184.73046875,2234.43432617,3745.64770508,2984.46728516
2174.04077148,2222.78662109,3750.78466797,2903.09350586
2148.46850586,2209.26708984,3711.35668945,4004.38525391
2116.84130859,2193.4128418,3699.25,4849.10742188
2106.16040039,2187.92919922,3696.12255859,4159.25
2117.88916016,2193.66943359,3658.86035156,2725.4362793
2122.82006836,2193.68066406,3645.21240234,2327.0703125
2113.2878418,2182.19140625,3729.16357422,3230.67529297
2113.82080078,2171.88842773,3826.34985352,3960.61816406
2126.18139648,2167.9609375,3767.87573242,3488.22265625
2119.8581543,2161.82592773,3570.17333984,2515.15380859
2091.19921875,2150.5065918,3479.5612793,2233.84765625
2072.57470703,2139.90771484,3647.54052734,2651.20825195
2075.73071289,2134.12182617,3857.34765625,2818.10375977
2084.7746582,2135.1875,3766.25634766,2390.01782227
2097.25976563,2141.42114258,3428.65380859,2146.29345703
2114.56762695,2142.89697266,3296.22753906,2664.39697266
2114.2644043,2135.03515625,3555.34960938,3186.81274414
2083.75488281,2126.05786133,3813.71655273,2734.53564453
2049.79492188,2115.07446289,3701.09521484,1950.59777832
2038.71325684,2091.67797852,3366.59838867,2283.06201172
2045.25183105,2070.12304688,3052.94824219,3188.41772461
2056.9465332,2077.34472656,2683.17651367,2316.25048828
2068.67871094,2100.03344727,2269.27636719,-319.420928955
2072.87695313,2102.14550781,2170.63525391,-1144.56237793
2070.16943359,2091.52612305,2483.08642578,2053.08154297
2077.91064453,2103.40429688,2682.0925293,5938.81347656
2104.51831055,2131.64477539,2312.31762695,4692.32714844
2133.29101563,2142.921875,1620.04919434,-1815.75512695
2143.33325195,2138.37573242,1163.49316406,-5127.20019531
2130.65844727,2141.41308594,1118.1151123,1362.95251465
2107.5769043,2148.24194336,1227.5411377,9412.71679688
2090.42700195,2139.77905273,1260.37463379,5560.11865234
2085.13671875,2121.54199219,1301.93286133,-5238.51416016
2086.18603516,2115.06787109,1541.0703125,-5553.55273438
2089.30273438,2122.91625977,1876.75292969,4040.72314453
2091.55981445,2126.32348633,1992.75256348,7304.43603516
2084.86328125,2114.38891602,1828.8269043,5651.24169922
2070.5378418,2100.69311523,1608.58569336,14881.6152344
2067.45410156,2103.21655273,1375.18786621,27771.0742188
2083.18164063,2116.25927734,993.192871094,21367.8339844
2098.20629883,2119.97412109,639.451904297,2917.10180664
2099.94140625,2114.75195313,693.946105957,2414.71337891
2104.10961914,2121.3828125,1098.39453125,19419.7421875
2121.94848633,2144.54418945,1432.72839355,25643.8027344
2138.42211914,2163.89477539,1603.67150879,16395.1425781
2142.48144531,2167.33666992,1834.5760498,10075.3144531
2144.75244141,2163.80419922,2094.73608398,7733.23535156
2148.36645508,2157.2277832,2169.03662109,-403.504730225
2139.57958984,2141.04248047,2097.30249023,-6904.32373047
2120.73706055,2124.47851563,2000.87231445,-2964.63696289
2112.75634766,2128.97021484,1791.61633301,3887.66015625
2118.33959961,2153.53076172,1481.84448242,9999.3984375
2123.04907227,2175.25317383,1331.2076416,20071.6308594
2127.2199707,2181.50537109,1371.64453125,25716.1210938
2136.29589844,2175.26293945,1336.8425293,16790.5625
2138.00463867,2161.72802734,1234.30969238,5547.50830078
2126.56298828,2150.94604492,1341.28405762,4669.78710938
2121.07543945,2154.23095703,1586.20385742,3993.65478516
2131.19311523,2166.12817383,1633.62280273,-3339.34936523
2139.85522461,2171.73632813,1530.92443848,-4437.01464844
2137.62109375,2170.26367188,1597.52709961,4846.74951172
2135.57275391,2168.32226563,1828.75622559,9233.08886719
2135.65234375,2162.99145508,2011.53820801,2533.91967773
2125.90258789,2153.11230469,2187.3347168,-3160.39941406
2110.54003906,2148.52587891,2484.98974609,-265.618530273
2111.66967773,2152.3972168,2745.05712891,4947.3828125
2132.49072266,2154.37719727,2688.88354492,5483.24609375
2145.82519531,2149.23413086,2290.375,2277.01953125
2134.40600586,2144.26464844,1829.52709961,90.6029434204
2118.09838867,2145.90527344,1674.81396484,963.623413086
2117.91333008,2151.45800781,1935.45129395,2816.64477539
2120.73266602,2153.35620117,2301.00292969,3066.86083984
2111.30615234,2146.57177734,2455.46850586,2133.08496094
2105.67407227,2134.16650391,2521.44091797,2047.36499023
2116.5324707,2124.73193359,2700.60693359,2849.88208008
2123.86425781,2122.43774414,2786.10961914,2864.00683594
2113.74414063,2124.74731445,2611.96850586,1909.36083984
2105.08447266,2130.51000977,2559.18310547,1793.01879883
2112.22119141,2140.75976563,2915.89599609,3124.68945313
2121.71191406,2149.96459961,3235.82836914,3974.36230469
2122.20581055,2148.43530273,3068.92993164,2920.67089844
2121.12841797,2137.21044922,2762.96484375,1459.6361084
2123.87817383,2128.66821289,2801.73071289,1691.71618652
2124.35766602,2127.66235352,2952.37597656,3083.3671875
2117.98486328,2123.8894043,2789.51123047,3428.55371094
2106.41992188,2108.90698242,2476.66601563,2175.24047852
2093.19433594,2090.18432617,2382.68725586,1010.18988037
2084.46240234,2080.8347168,2465.92431641,1389.51049805
2085.75463867,2082.45654297,2540.91699219,2807.39208984
2093.24707031,2086.62475586,2637.63085938,3637.89306641
2099.02441406,2090.08178711,2742.28222656,3024.72460938
2103.63427734,2097.01782227,2673.72705078,1754.80737305
2109.10180664,2104.91162109,2439.05688477,1305.43151855
2107.3840332,2103.20849609,2278.76660156,2032.99291992
2094.50756836,2092.27197266,2280.21923828,2764.85961914
2083.86669922,2086.78710938,2326.70239258,2531.30859375
2086.69604492,2092.46118164,2382.90893555,1933.2755127
2096.24438477,2097.28051758,2471.99243164,1982.38806152
2104.81225586,2092.91748047,2472.56201172,2385.49243164
2113.50146484,2086.97363281,2269.54052734,2218.61791992
2118.69873047,2088.88110352,2003.27075195,1710.66809082
2115.65405273,2098.36572266,1901.26501465,1849.49450684
2113.68066406,2109.57983398,1968.61950684,2474.35009766
2121.34619141,2116.74536133,2046.67614746,2371.0612793
2127.29101563,2117.17382813,2059.96362305,1428.2800293
2119.65600586,2113.33837891,2039.43139648,1159.7088623
2106.89697266,2109.10620117,1991.34814453,2377.15307617
2099.46826172,2105.24047852,1870.11706543,3517.2722168
2093.48022461,2102.91503906,1671.61022949,2556.50415039
2090.16577148,2107.14819336,1508.76391602,278.680206299
2106.21972656,2121.25024414,1531.03771973,-308.476715088
2143.60009766,2140.08007813,1725.64379883,2037.42907715
2171.68408203,2153.23071289,1884.02026367,4831.92773438
2165.66137695,2156.55810547,1826.45581055,4194.27832031
2142.84814453,2155.39575195,1574.29162598,-259.577209473
2131.00634766,2151.52172852,1295.40209961,-2802.66137695
2125.89135742,2139.11352539,1165.0222168,1630.47229004
2117.64135742,2123.84545898,1214.18078613,6991.19238281
2124.95141602,2125.109375,1286.37280273,3878.55834961
2157.04589844,2144.09716797,1288.33618164,-2233.52368164
2181.16333008,2155.84643555,1375.06945801,-197.630950928
2171.6340332,2145.67626953,1618.76635742,3837.64282227
2147.27539063,2123.98120117,1729.40258789,574.856872559
2130.42407227,2102.37133789,1480.65405273,2535.74658203
2119.53759766,2087.36645508,1115.23608398,19934.4375
2115.34960938,2088.51879883,943.768737793,31969.6953125
2123.09204102,2103.33740234,896.413269043,20043.484375
2132.57177734,2114.18334961,808.171508789,2170.56152344
2135.51245117,2117.48608398,761.817626953,-379.990966797
2139.21289063,2123.46899414,856.202636719,2957.04858398
2141.13818359,2125.46704102,954.050170898,-578.907043457
2130.82568359,2113.06079102,881.951965332,-2558.89990234
2120.5144043,2102.67797852,693.113769531,3160.22949219
2124.91748047,2108.81860352,598.029785156,6232.38525391
2126.83984375,2112.61376953,687.828063965,1300.23291016
2112.54541016,2102.18457031,794.074645996,-2981.69702148
2106.77539063,2102.49438477,699.899658203,-808.680358887
2125.74121094,2125.40454102,469.693695068,3349.859375
2141.3034668,2139.73291016,387.708312988,4113.10107422
2132.85009766,2126.22973633,547.825744629,1569.89489746
2123.87060547,2110.85400391,728.081054688,-655.973205566
2133.33325195,2114.40649414,725.780090332,-32.492893219
2142.4206543,2120.48657227,610.673095703,2262.19433594
2137.52148438,2117.13745117,571.269165039,3274.43676758
2136.85864258,2119.84716797,658.86126709,2266.54199219
2150.56713867,2133.72485352,761.130493164,1077.9942627
2160.3190918,2141.51000977,762.46697998,1069.74609375
2158.52368164,2142.96826172,678.176696777,1704.84069824
2163.76171875,2158.33081055,623.133605957,1901.95385742
2180.93334961,2184.94555664,665.307006836,1583.96411133
2188.74316406,2197.04223633,757.849487305,1411.14807129
2179.09057617,2189.78833008,823.720703125,1585.88183594
2168.55371094,2180.86621094,850.1875,1676.89379883
2165.06274414,2175.4987793,871.794433594,1524.91906738
2161.39428711,2168.73388672,900.455871582,1538.84143066
2159.95800781,2167.98876953,912.776489258,1875.97216797
2168.21679688,2179.22802734,908.055358887,2027.79223633
2177.30273438,2189.04125977,943.136108398,1636.25622559
2175.64379883,2186.15405273,1051.87036133,1179.32995605
2170.03710938,2179.00390625,1150.15454102,1319.31005859
2169.39892578,2175.31201172,1133.34448242,1902.06762695
2166.98779297,2169.15454102,1068.01171875,2165.94018555
2157.61816406,2159.34643555,1135.53076172,1840.58740234
2151.28027344,2156.63012695,1350.49450684,1482.57324219
2154.65991211,2164.93725586,1494.00170898,1604.54174805
2158.62719727,2174.58032227,1411.2791748,1983.17004395
2155.89672852,2178.29370117,1243.9395752,2116.08764648
2154.05151367,2179.27270508,1220.10449219,1936.09301758
2160.31958008,2180.74389648,1299.02124023,1736.86169434
2168.47216797,2180.68017578,1272.45336914,1751.03552246
2172.50463867,2181.12866211,1215.06445313,2041.60644531
2179.00146484,2190.03588867,1456.03967285,2448.74633789
2192.05615234,2206.171875,1980.58703613,2590.76147461
2200.58886719,2214.74560547,2305.98339844,2320.06054688
2195.6887207,2207.35620117,2157.53833008,1999.86987305
2184.73754883,2193.05712891,1805.49194336,1899.07409668
2175.39257813,2181.3894043,1535.51123047,1765.72229004
2164.77246094,2171.09936523,1297.7713623,1475.50012207
2154.13842773,2163.19726563,1072.76525879,1410.48669434
2152.01977539,2165.88598633,1057.12280273,1692.03466797
2157.23120117,2178.58447266,1283.15466309,1870.24487305
2160.70507813,2188.60742188,1476.51257324,1786.4942627
2162.59960938,2189.61181641,1429.8737793,1805.71679688
2166.95532227,2188.02026367,1235.70849609,1958.21435547
2168.24584961,2187.58740234,1115.36657715,1887.64221191
2162.27124023,2182.68188477,1188.51062012,1705.47546387
2157.3918457,2172.2109375,1394.06506348,1843.09838867
2159.59423828,2166.40258789,1597.67321777,2193.11279297
2161.27563477,2170.90332031,1788.99572754,2364.96264648
2156.13549805,2176.25488281,2035.58349609,2421.4440918
2150.56762695,2174.6237793,2221.31030273,2515.86035156
2151.5612793,2173.91699219,2121.74658203,2388.02099609
2155.25366211,2181.30932617,1790.89440918,1944.81945801
2155.2199707,2188.96069336,1524.71166992,1631.59667969
2154.04418945,2191.81982422,1418.21411133,1682.64990234
2157.84277344,2198.89306641,1347.00317383,1780.60400391
2163.5925293,2211.1340332,1343.97973633,1782.78796387
2163.54589844,2213.97167969,1532.71459961,1928.79907227
2160.28540039,2205.31225586,1752.4074707,2169.54833984
2161.91381836,2200.92822266,1741.1315918,2179.04956055
2164.61254883,2204.04052734,1604.66589355,2059.06860352
2159.87158203,2203.30810547,1625.07849121,2171.7956543
2153.70239258,2201.17529297,1764.90600586,2402.49462891
2155.09643555,2207.27978516,1844.8963623,2419.97460938
2155.82763672,2211.24731445,1958.02575684,2374.45361328
2146.87866211,2199.55102539,2196.84057617,2521.31689453
2138.40625,2184.97851563,2297.06323242,2590.04370117
2139.79443359,2185.12207031,2059.79101563,2305.46264648
2142.43798828,2192.70605469,1749.86303711,1984.22607422
2141.35913086,2195.734375,1639.20532227,1939.57910156
2146.04223633,2200.35107422,1616.44812012,1963.83886719
2156.52954102,2211.20629883,1595.85510254,1924.43530273
2159.42407227,2217.9699707,1750.38000488,2075.6484375
2155.14233398,2217.43725586,2045.24475098,2390.47900391
2159.35400391,2222.09594727,2138.19506836,2449.19067383
2175.078125,2237.45532227,1973.89672852,2238.00805664
2188.49682617,2252.73974609,1896.68347168,2187.43945313
2190.07250977,2257.01586914,2034.31738281,2345.52319336
2182.15258789,2250.03027344,2147.48095703,2386.45605469
2171.94458008,2239.49462891,2163.63476563,2355.09960938
2166.48193359,2234.19604492,2275.65991211,2520.16748047
2167.2253418,2235.0065918,2453.32080078,2678.43798828
2168.30883789,2234.23901367,2418.17529297,2474.14355469
2165.23803711,2227.80053711,2156.71606445,2144.36328125
2159.79882813,2219.87402344,1956.66992188,2135.49462891
2155.50415039,2214.80102539,1923.54321289,2325.46850586
2156.88378906,2215.11791992,1911.61010742,2359.0769043
2168.40551758,2223.50219727,1890.14916992,2337.02807617
2185.0793457,2236.38720703,1967.07495117,2513.05932617
2192.24755859,2242.45458984,2104.75537109,2720.61035156
2180.49951172,2233.19482422,2132.91601563,2645.96533203
2154.54956055,2209.92626953,1999.03100586,2352.95532227
2130.22705078,2184.22607422,1836.72790527,2185.7421875
2125.71655273,2173.55175781,1829.62670898,2331.6628418
2143.57104492,2183.39428711,2015.26000977,2617.84472656
2162.03710938,2196.07983398,2191.14038086,2728.18261719
2160.82714844,2194.34375,2142.54394531,2633.27661133
2147.25,2184.68261719,1945.88696289,2596.61108398
2138.6159668,2179.03759766,1820.23742676,2672.53369141
2136.22924805,2174.81567383,1801.7376709,2673.42260742
2136.1796875,2170.96166992,1879.88232422,2739.97460938
2143.22070313,2176.20678711,2203.47631836,3211.88427734
2155.4375,2187.22314453,2734.74609375,3818.03076172
2157.42895508,2187.75073242,3019.01757813,3873.35424805
2143.5065918,2176.98046875,2760.07299805,3356.54321289
2128.95776367,2170.93798828,2286.66113281,2893.44116211
2128.28759766,2174.87573242,2032.12414551,2714.26245117
2137.62109375,2179.94433594,1956.45385742,2554.00854492
2145.41625977,2183.06420898,1884.93762207,2461.77734375
2147.25244141,2186.36010742,1945.96105957,2733.42895508
2143.66601563,2183.66162109,2211.84179688,3127.03759766
2134.14892578,2169.04418945,2349.20849609,3075.79101563
2120.11669922,2151.35620117,2107.66552734,2635.59082031
2108.15332031,2143.80859375,1776.93798828,2392.25268555
2106.79614258,2149.00878906,1733.87182617,2526.54125977
2121.44335938,2165.12524414,1915.82397461,2775.56445313
2148.94018555,2191.74707031,2123.66943359,3133.13500977
2174.62036133,2219.45581055,2424.65893555,3717.41943359
2181.34277344,2229.37475586,2847.421875,4143.44384766
2166.4296875,2214.21899414,3060.61791992,3901.38745117
2144.95410156,2189.69628906,2767.63208008,3193.20092773
2133.14990234,2176.8918457,2168.66381836,2675.90551758
2134.38964844,2180.19848633,1736.82727051,2608.80175781
2143.88500977,2189.56958008,1704.33850098,2797.95776367
2156.23730469,2197.13037109,1925.66235352,3028.43554688
2161.41040039,2199.796875,2117.72851563,3125.93847656
2147.97900391,2192.43554688,2140.53808594,2969.79272461
2122.57421875,2175.890625,2061.87084961,2697.20751953
2109.77905273,2165.57519531,1982.44128418,2558.90185547
2119.55786133,2172.34423828,1936.02709961,2575.48925781
2134.08251953,2183.26953125,2025.5925293,2673.05810547
2137.28710938,2180.9543457,2398.79345703,2917.44726563
2132.98657227,2168.93896484,2919.09301758,3230.35253906
2126.46899414,2159.66015625,3152.39038086,3265.54882813
2116.64355469,2154.22192383,2892.13671875,2956.10180664
2111.00146484,2150.55688477,2425.78125,2691.7902832
2119.95092773,2153.36767578,2105.12060547,2635.17260742
2135.4519043,2162.10229492,1933.46069336,2476.60302734
2140.72802734,2166.23730469,1743.47155762,2131.01489258
2136.93408203,2163.04541016,1538.22424316,1989.04321289
2137.13208008,2163.81982422,1477.9654541,2246.52563477
2142.18115234,2174.01025391,1632.64648438,2606.85107422
2144.66870117,2183.61987305,1857.8659668,2771.59301758
2146.82788086,2185.57226563,1952.50537109,2742.15649414
2153.50317383,2186.27050781,1917.48730469,2644.20898438
2157.63525391,2189.34350586,1911.89318848,2577.20898438
2152.30981445,2187.62060547,1942.04455566,2561.01342773
2145.78979492,2179.07128906,1878.86022949,2523.12939453
2146.51977539,2170.96582031,1818.4564209,2467.96655273
2147.04077148,2164.00878906,2010.27404785,2541.62646484
2140.28100586,2153.65405273,2350.20532227,2718.70361328
2136.17626953,2146.73583984,2418.64331055,2699.40185547
2145.02050781,2154.31738281,2119.51733398,2401.87451172
2159.49145508,2171.53198242,1814.12561035,2195.80249023
2167.64208984,2184.28735352,1745.26660156,2318.07958984
2169.18969727,2188.51318359,1783.74841309,2484.51928711
2168.10302734,2187.20825195,1815.84448242,2466.08276367
2163.54003906,2180.01464844,1953.41723633,2559.85888672
2157.14013672,2168.89379883,2240.29370117,2997.96362305
2157.27783203,2162.99780273,2471.93164063,3364.578125
2168.3996582,2167.96411133,2454.57714844,3173.98461914
2183.18188477,2177.76342773,2270.2824707,2657.95507813
2190.65893555,2182.89868164,2158.95361328,2411.14111328
2189.93115234,2182.91479492,2204.20800781,2516.39868164
2191.81201172,2186.56518555,2274.81665039,2577.83911133
2204.19287109,2198.27050781,2309.88671875,2480.32617188
2219.44506836,2208.83862305,2448.60766602,2520.41723633
2224.05566406,2207.27270508,2690.46191406,2725.42041016
2216.99926758,2197.25,2711.61743164,2675.46459961
2206.60693359,2188.84204102,2376.18920898,2284.03759766
2194.3605957,2179.78393555,2088.97338867,2086.73828125
2178.58129883,2164.01318359,2160.95678711,2311.53955078
2168.32446289,2151.87255859,2269.18505859,2419.38037109
2172.69091797,2156.41870117,2116.29589844,2101.47558594
2181.30541992,2165.47290039,2032.03015137,1858.02209473
2177.02172852,2156.49755859,2280.57299805,2045.39953613
2162.94677734,2134.3359375,2506.96850586,2326.18310547
2156.00024414,2123.05664063,2512.30932617,2507.80297852
2159.06884766,2125.12304688,2705.77954102,2860.625
2159.56274414,2121.3684082,3198.37231445,3303.36962891
2151.97631836,2108.04663086,3414.1965332,3343.84204102
2144.32006836,2101.09228516,3090.71386719,2960.70751953
2142.4699707,2104.15112305,2682.51025391,2585.89916992
2141.46826172,2102.46240234,2459.03979492,2319.44506836
2135.39892578,2090.6472168,2204.97021484,2040.77185059
2127.41796875,2080.95507813,1977.53076172,1993.38452148
2124.27319336,2079.91894531,2150.65209961,2395.45581055
2125.12890625,2078.01489258,2621.47705078,2838.77929688
2123.46875,2067.97241211,2885.08227539,2855.88183594
2118.95825195,2056.30541992,2861.52514648,2653.69555664
2118.95849609,2051.15429688,2851.65258789,2618.88134766
2127.28857422,2052.63867188,2886.03125,2674.02685547
2138.55834961,2058.47509766,2876.10766602,2749.35498047
2144.93066406,2066.09277344,3059.74975586,3154.68041992
2144.43164063,2069.5715332,3556.80541992,3849.63891602
2141.8659668,2067.21044922,3904.75439453,4157.40039063
2141.54077148,2066.48706055,3696.34863281,3760.10717773
2139.79882813,2069.35693359,3203.08959961,3152.08276367
2130.75732422,2065.80419922,2850.14599609,2766.76953125
2120.86132813,2056.29125977,2639.93237305,2541.82470703
2126.32128906,2060.87207031,2502.14501953,2479.17993164
2148.71313477,2086.02856445,2592.12792969,2721.98193359
2165.90161133,2104.90209961,2897.76245117,3079.36132813
2161.7578125,2097.23999023,3109.93334961,3243.78369141
2152.08569336,2085.21386719,3112.66845703,3296.99560547
2157.00976563,2093.99975586,3121.25830078,3421.46240234
2161.7980957,2102.92260742,3221.77294922,3476.6184082
2144.20117188,2084.87548828,3224.73632813,3332.89306641
2126.60327148,2067.16137695,3066.4050293,3204.43017578
2145.01928711,2088.90576172,2952.51245117,3267.86865234
2178.96508789,2124.18164063,3003.06298828,3357.59326172
2180.91040039,2122.40380859,3101.96044922,3335.96850586
2160.11743164,2097.12695313,3180.23486328,3348.38891602
2158.39331055,2092.84204102,3299.95239258,3435.25366211
2163.7331543,2096.0715332,3391.10131836,3338.43701172
2135.56347656,2066.47314453,3285.77001953,3011.8894043
2091.87866211,2022.78161621,3076.81005859,2861.92382813
2083.10205078,2013.16931152,3052.96191406,3121.80053711
2104.98730469,2032.64831543,3235.85913086,3450.04394531
2117.17407227,2043.65270996,3359.74194336,3498.44555664
2117.22119141,2044.32763672,3325.99707031,3412.58764648
2126.32275391,2054.02734375,3313.26391602,3447.44433594
2136.81176758,2066.05786133,3404.73876953,3532.53710938
2132.67871094,2065.91235352,3432.01953125,3518.74536133
2124.99536133,2062.44287109,3285.2800293,3490.18481445
2123.57519531,2063.72363281,3136.93432617,3569.67724609
2115.17285156,2058.28344727,3193.60864258,3668.13037109
2096.92431641,2044.40100098,3380.02978516,3640.90893555
2083.21435547,2036.30773926,3487.29101563,3550.21875
2068.41381836,2028.95361328,3524.15161133,3582.49902344
2039.15441895,2006.66674805,3636.3527832,3747.16821289
2019.36975098,1988.88769531,3763.47607422,3841.00073242
2038.26428223,2007.10107422,3720.64160156,3751.14135742
2069.61791992,2041.5925293,3571.55029297,3620.45239258
2071.31640625,2048.2800293,3566.40966797,3621.47509766
2057.60668945,2035.7890625,3728.32958984,3717.92211914
2063.41552734,2044.31347656,3822.92456055,3765.06933594
2073.49462891,2066.2175293,3738.94189453,3728.3046875
2054.78662109,2061.640625,3627.14575195,3685.28881836
2022.75317383,2035.79907227,3635.7890625,3684.13305664
2015.22033691,2031.04602051,3716.92944336,3699.23461914
2029.65283203,2052.4453125,3749.45043945,3702.01171875
2033.63061523,2060.55639648,3716.07617188,3702.99072266
2018.83837891,2038.3963623,3686.09838867,3715.30322266
2009.80126953,2018.2130127,3694.09594727,3721.4699707
2022.17358398,2027.46252441,3708.81811523,3703.05004883
2035.86169434,2044.42565918,3703.61499023,3680.19848633
2024.83972168,2037.68505859,3697.33764648,3687.98803711
2000.88647461,2022.6751709,3710.59326172,3720.67236328
1996.00317383,2033.45678711,3723.62768555,3733.90063477
2006.66186523,2057.56811523,3709.13305664,3707.64550781
2000.9074707,2055.88793945,3682.91748047,3676.72338867
1980.93029785,2034.8885498,3684.61987305,3682.5144043
1983.67443848,2037.86242676,3715.90087891,3715.90893555
2013.47070313,2070.64404297,3734.10522461,3732.06201172
2030.66772461,2093.81152344,3713.30004883,3712.24804688
2016.6574707,2086.95507813,3681.65112305,3685.34741211
1997.51660156,2070.99121094,3681.20288086,3684.9597168
1993.3190918,2064.66943359,3710.14111328,3706.67553711
1992.12988281,2060.48828125,3728.64868164,3720.59057617
1984.8927002,2051.93017578,3715.09228516,3713.21533203
1984.49047852,2051.8659668,3691.74194336,3699.61425781
1998.80224609,2068.91381836,3689.47851563,3697.22802734
2016.40771484,2088.08178711,3706.7487793,3704.19067383
2026.24279785,2090.97167969,3717.54736328,3708.30908203
2028.59887695,2078.61474609,3709.30102539,3705.84985352
2026.38598633,2061.95410156,3695.87646484,3702.67602539
2022.20495605,2046.34399414,3694.41625977,3702.42919922
2018.93139648,2034.33605957,3703.70556641,3702.7019043
2013.97485352,2027.20849609,3710.53076172,3702.11743164
2004.48449707,2020.49743652,3708.38598633,3703.52929688
2000.74621582,2013.61169434,3702.65380859,3707.75830078
2015.41003418,2017.31567383,3701.10229492,3709.81396484
2039.87939453,2034.49682617,3704.91992188,3705.71875
2054.58300781,2048.6652832,3708.41943359,3699.65820313
2059.59326172,2049.91210938,3705.58154297,3699.17333984
2069.54980469,2051.08227539,3697.96679688,3704.56616211
2083.14379883,2060.35327148,3695.16064453,3708.21533203
2084.64233398,2063.02050781,3703.24682617,3705.1652832
2072.27685547,2048.05908203,3713.92358398,3699.9777832
2060.45678711,2028.03686523,3712.31591797,3700.14672852
2055.54541016,2017.16638184,3697.72290039,3705.45678711
2050.46362305,2011.54675293,3688.65551758,3708.56469727
2043.27697754,2003.95959473,3699.85546875,3705.81860352
2042.48376465,1999.43395996,3719.22973633,3702.02783203
2050.29150391,2004.01818848,3720.16699219,3702.00732422
2056.4621582,2011.27478027,3698.38110352,3703.44042969
2055.19555664,2010.43395996,3681.60424805,3703.34204102
2054.1574707,2000.63427734,3693.15258789,3704.67431641
2058.86181641,1989.72497559,3718.75097656,3708.58496094
2062.81738281,1984.00500488,3724.88989258,3707.91967773
2062.86401367,1985.8215332,3703.28881836,3698.86376953
2067.08178711,1995.96789551,3681.19628906,3691.23535156
2076.14038086,2009.66308594,3686.56225586,3697.36254883
2078.11865234,2017.109375,3712.68066406,3715.18212891
2073.78540039,2018.37133789,3723.14697266,3725.27294922
2079.58422852,2025.19763184,3694.83618164,3707.43603516
2093.56689453,2036.72424316,3653.59472656,3674.2421875
2092.56054688,2035.81384277,3647.65112305,3677.12963867
2074.77832031,2023.25305176,3676.90844727,3737.10766602
2065.91015625,2023.32629395,3688.69116211,3782.17871094
2073.35620117,2040.16748047,3665.92626953,3729.35302734
2076.80712891,2048.05883789,3651.64331055,3628.0078125
2069.72607422,2038.44177246,3650.52197266,3619.39233398
2066.76708984,2031.98339844,3614.19018555,3729.11279297
2069.65795898,2035.41186523,3576.46972656,3810.18310547
2066.90551758,2033.77844238,3646.75805664,3748.38793945
2061.97216797,2028.65319824,3790.12207031,3628.66503906
2066.77148438,2037.94494629,3806.43676758,3612.32104492
2078.3125,2059.43701172,3635.30517578,3709.99633789
2086.49121094,2072.79882813,3476.44946289,3781.43334961
2088.63964844,2070.77563477,3485.49047852,3746.39770508
2084.26464844,2062.10229492,3557.77075195,3683.48779297
2076.47338867,2056.82421875,3536.69506836,3679.85839844
2078.81884766,2063.16845703,3436.34521484,3690.86816406
2095.53930664,2079.98510742,3356.08178711,3654.18579102
2103.09521484,2087.00488281,3350.02514648,3654.80810547
2080.20483398,2066.25683594,3409.88842773,3787.22802734
2046.05102539,2034.15075684,3425.14257813,3892.66455078
2037.62475586,2025.52050781,3268.29663086,3720.4597168
2057.04760742,2045.28564453,3080.39379883,3408.32446289
2074.28125,2065.24145508,3197.17822266,3435.56591797
2076.80908203,2069.41040039,3588.22485352,3898.80175781
2077.60913086,2067.15454102,3772.8581543,4208.63134766
2074.29614258,2058.29736328,3505.17651367,3858.45898438
2048.37841797,2029.3157959,3041.6652832,3213.50170898
2013.31530762,1994.10571289,2580.47729492,3072.36425781
2011.22167969,1991.0065918,2071.92138672,3557.19824219
2047.35791016,2024.01062012,1707.04443359,3941.66601563
2077.49169922,2051.40600586,1856.95996094,3665.51098633
2073.63745117,2046.67895508,2343.0925293,3072.99291992
2056.06420898,2029.28198242,2446.26147461,2894.43969727
2049.44555664,2023.38903809,1873.78686523,3275.08007813
2049.02636719,2023.99865723,1202.65393066,3622.6887207
2042.2902832,2017.60021973,1111.94348145,3397.40063477
2033.28088379,2008.12902832,1510.45019531,2861.85400391
2031.95410156,2006.76855469,1738.74255371,2789.27026367
2035.94055176,2011.30310059,1513.50048828,3360.14794922
2034.95776367,2010.11242676,1249.64233398,3840.69311523
2027.51098633,2001.02844238,1307.65991211,3712.73144531
2022.15332031,1993.09118652,1421.0925293,3388.34960938
2022.55029297,1991.36914063,1252.66357422,3138.65039063
2022.84631348,1993.33532715,1007.68981934,2352.93066406
2018.66137695,1997.36206055,964.101989746,1005.21520996
2011.57897949,2001.19921875,889.351135254,660.887145996
2004.89746094,1999.74499512,528.075622559,2264.99633789
2003.76074219,1996.54040527,218.960281372,3893.21508789
2011.36645508,2002.5604248,401.523712158,2960.45947266
2019.6114502,2014.77246094,842.421264648,381.16784668
2018.07922363,2018.92712402,927.200866699,-296.886810303
2013.08032227,2017.66967773,554.628662109,2152.71679688
2016.94226074,2024.57324219,257.556884766,4884.86767578
2022.02026367,2030.42944336,409.223571777,4156.29785156
2012.31726074,2014.50915527,710.49206543,-85.0244216919
1996.67932129,1988.75878906,722.285461426,-2381.80541992
2000.03076172,1987.98681641,577.944519043,1894.25476074
2022.984375,2014.43493652,667.990844727,6982.39599609
2040.04394531,2033.82800293,883.996765137,4050.8996582
2039.37646484,2029.27392578,853.244506836,-1638.99890137
2035.0123291,2018.4576416,685.128173828,295.005157471
2034.63134766,2012.71398926,739.495727539,3587.26660156
2025.89733887,2000.19348145,915.626586914,-230.144699097
2006.68896484,1980.46520996,875.915100098,2100.92626953
1999.96679688,1978.27893066,665.653198242,20463.7324219
2020.86523438,2006.72851563,538.170227051,33008.1171875
2051.73754883,2044.75976563,514.591003418,20629.8183594
2065.99072266,2064.10522461,496.398620605,1973.53417969
2059.4675293,2058.61791992,480.527893066,-712.676818848
2048.02587891,2042.18945313,511.33883667,3345.70654297
2046.56787109,2032.52514648,650.460083008,638.773010254
2055.28271484,2036.56188965,890.753295898,-1298.98925781
2062.84814453,2046.18188477,1014.49206543,3663.8527832
2064.35229492,2052.96655273,864.233764648,6164.86328125
2066.89868164,2058.66650391,676.241699219,1517.47790527
2068.70263672,2059.76977539,672.635192871,-2343.83056641
2055.31640625,2043.7442627,606.847106934,-562.736816406
2033.2310791,2018.77490234,297.903503418,2929.88647461
2034.03027344,2016.6739502,142.627563477,3786.02563477
2063.40380859,2045.43029785,431.030334473,1542.12243652
2085.47680664,2073.18725586,742.713928223,-1223.64331055
2080.10083008,2077.03613281,696.430297852,-995.768798828
2072.13867188,2071.19067383,607.897033691,2596.05859375
2082.08618164,2073.16821289,763.558532715,5118.64990234
2092.49121094,2078.06298828,854.465393066,2802.43896484
2086.63842773,2078.39331055,749.547241211,-1574.71716309
2080.30932617,2080.40527344,913.635986328,-1986.33032227
2091.15039063,2091.00292969,1453.67773438,2616.97412109
2108.56616211,2106.95776367,1713.95593262,6637.40039063
2116.38061523,2121.81030273,1369.96154785,4524.68115234
2120.10668945,2133.30029297,948.630310059,-2156.65185547
2130.56762695,2143.12573242,818.00402832,-5097.03271484
2140.35473633,2153.37548828,672.772827148,865.932006836
2137.66259766,2162.12426758,398.637207031,7895.77050781
2129.37524414,2164.45092773,428.703155518,4467.48876953
2131.09594727,2161.55493164,855.718994141,-4621.46142578
2143.88183594,2162.99829102,1105.83630371,-4650.13574219
2156.00024414,2172.82739258,882.721496582,2767.70019531
2159.65429688,2180.86547852,652.630859375,4230.98681641
2156.17504883,2178.75952148,811.177490234,4027.32202148
2153.28491211,2177.62353516,1062.89892578,16407.6679688
2159.90405273,2192.72167969,1060.65808105,30223.5722656
2173.92797852,2215.11132813,1057.85449219,21602.9003906
2182.15893555,2222.95825195,1386.08007813,826.123413086
2181.90820313,2218.41552734,1744.57019043,1277.81323242
2182.84277344,2219.52050781,1636.50585938,22230.1054688
2179.80566406,2218.87158203,1221.5838623,30135.671875
2159.00732422,2196.8996582,1075.92382813,16136.7373047
2137.15429688,2172.77612305,1262.43200684,4571.63671875
2146.35864258,2184.11132813,1339.5135498,5238.50634766
2177.73779297,2219.55322266,1251.98046875,3150.58886719
2195.03100586,2235.25390625,1433.72070313,-4671.93261719
2195.74438477,2227.90771484,1907.1541748,-3717.17578125
2197.89355469,2222.828125,2086.24389648,6481.85351563
2189.51953125,2211.58374023,1729.43359375,9608.3359375
2158.63964844,2177.24438477,1330.04467773,1414.41625977
2139.76538086,2152.52807617,1270.35961914,-4978.75244141
2163.75219727,2175.23364258,1324.43933105,-1795.88989258
2199.88623047,2216.06835938,1303.58935547,4638.75976563
2205.31396484,2220.68896484,1475.05895996,6349.71728516
2189.63818359,2192.79882813,1975.9387207,3165.43237305
2183.28759766,2175.67358398,2412.68237305,184.290252686
2184.4465332,2180.04736328,2426.95898438,793.255615234
2178.78613281,2183.79370117,2206.5300293,3432.98779297
2175.37939453,2181.84887695,2077.75952148,4393.34960938
2183.93994141,2186.41821289,1989.25024414,2813.27685547
2184.65527344,2188.88330078,1800.44677734,1201.09680176
2160.21508789,2169.68383789,1701.63696289,1395.43005371
2135.27416992,2142.61425781,1860.18237305,2368.12060547
2141.52294922,2141.76611328,2015.77441406,2450.28515625
2164.29077148,2164.61230469,1938.07885742,1971.63659668
2169.70361328,2175.49511719,1864.54248047,2136.98535156
2160.90258789,2163.60595703,2008.90612793,2583.69750977
2159.75024414,2151.22558594,2181.70751953,2226.32055664
2162.31982422,2151.14111328,2301.01733398,1668.59436035
2156.03808594,2155.75097656,2586.7199707,2330.74707031
2147.15234375,2157.08520508,2934.67993164,3680.18701172
2142.03271484,2153.11669922,2901.05859375,3783.17456055
2137.20410156,2148.74926758,2514.10009766,2397.41992188
2135.59863281,2153.65527344,2266.15869141,1301.46459961
2139.77514648,2165.92089844,2259.16308594,1598.99475098
2142.16333008,2174.26000977,2206.47875977,2532.48706055
2140.97216797,2177.68017578,2148.00927734,2965.87841797
2137.00634766,2173.43408203,2290.81958008,2635.90454102
2120.38745117,2147.15966797,2379.74584961,1984.02819824
2097.80029297,2110.78320313,2072.578125,1675.28222656
2100.81689453,2105.08813477,1642.7088623,2056.02929688
2131.45239258,2133.58178711,1560.88317871,2634.89208984
2150.97680664,2154.68139648,1758.20556641,2661.5300293
2145.49047852,2153.46899414,1957.59924316,2335.75097656
2140.80688477,2151.92260742,2256.20214844,2489.61621094
2146.44311523,2152.85791016,2742.35717773,3077.37792969
2145.86499023,2141.0769043,3034.99267578,3210.81884766
2135.79003906,2123.66430664,2819.33642578,2703.51757813
2127.70629883,2116.99536133,2388.5390625,2271.3503418
2123.23217773,2115.59765625,2147.09082031,2177.38476563
2116.04125977,2106.04980469,2053.37792969,1977.07775879
2107.19042969,2092.32788086,1976.70129395,1655.51550293
2107.41601563,2090.89575195,2061.03100586,1763.03735352
2123.13500977,2106.97973633,2317.99584961,2291.81445313
2139.09228516,2121.75463867,2399.99829102,2536.27026367
2132.82421875,2114.87963867,2151.24853516,2247.06298828
2112.12939453,2097.51586914,1886.21655273,1974.48046875
2105.67211914,2095.29760742,1862.05432129,2106.51831055
2114.88476563,2104.25341797,1963.38000488,2399.88842773
2117.03027344,2101.40991211,2067.07324219,2618.67773438
2109.35400391,2087.51391602,2229.0625,2876.60888672
2107.42919922,2080.54467773,2379.56152344,3127.74975586
2112.62182617,2082.77197266,2267.62866211,2975.70263672
2115.82617188,2085.5300293,1855.16027832,2306.89160156
2118.32202148,2089.98388672,1447.31567383,1618.33093262
2126.65722656,2102.17895508,1281.63305664,1357.47265625
2138.51000977,2118.80908203,1231.88830566,1343.37963867
2144.1394043,2128.12426758,1120.53344727,1263.56506348
2139.00390625,2122.98950195,1093.65905762,1309.19177246
2133.12768555,2112.0456543,1328.37365723,1695.97668457
2140.22094727,2111.24707031,1566.92016602,1993.37536621
2155.57714844,2121.16992188,1467.99963379,1752.68383789
2162.2878418,2127.65478516,1246.09838867,1365.53076172
2160.51782227,2128.75097656,1310.93579102,1391.64733887
2165.13989258,2137.93041992,1496.75585938,1593.64233398
2175.2878418,2155.05102539,1425.87683105,1595.96130371
2175.76977539,2161.12963867,1325.40075684,1736.53051758
2166.78417969,2149.92236328,1581.28674316,2242.91259766
2164.51293945,2139.83569336,1860.17871094,2478.34863281
2174.50463867,2146.25317383,1643.9609375,2016.87036133
2186.18847656,2162.1262207,1203.0970459,1468.24060059
2191.24169922,2172.81445313,1071.25158691,1364.75256348
2192.44433594,2174.76342773,1071.73254395,1358.53173828
2195.95605469,2173.56542969,829.462585449,1239.56323242
2203.35424805,2173.84155273,650.673950195,1449.0958252
2211.59008789,2176.67626953,922.366149902,1956.75280762
2218.55175781,2183.17431641,1262.02185059,2028.01989746
2226.76538086,2195.81005859,1188.46765137,1608.26965332
2236.8347168,2211.74047852,988.881469727,1484.58752441
2239.36010742,2217.07641602,1074.99621582,1777.7902832
2226.90307617,2202.19433594,1195.88122559,1834.10253906
2213.21044922,2183.14208984,1100.89306641,1709.35473633
2217.14404297,2183.20898438,1201.58410645,2064.56030273
2227.61230469,2193.33105469,1753.6295166,2627.37866211
2219.43603516,2187.67431641,2168.47387695,2500.93579102
2203.09545898,2175.37304688,1932.71936035,1834.57165527
2211.02539063,2186.56640625,1434.35180664,1510.19689941
2236.51391602,2213.07958984,1162.96801758,1511.87133789
2243.05834961,2221.42773438,920.781494141,1202.26672363
2228.80078125,2213.22338867,504.349487305,750.436706543
2220.89331055,2212.20019531,319.404174805,820.568908691
2219.73852539,2212.77246094,656.650756836,1322.39526367
2211.39746094,2201.81738281,1094.90319824,1659.04345703
2212.11010742,2200.24853516,1166.23571777,1736.95751953
2237.74975586,2224.75317383,1011.91741943,1849.4029541
2258.6159668,2245.43920898,995.738525391,1999.39611816
2243.08642578,2233.52783203,1140.39575195,1964.0703125
2212.06982422,2210.31494141,1218.57116699,1736.67419434
2201.00317383,2206.42871094,1127.02819824,1549.18774414
2208.28979492,2216.72998047,1008.04858398,1595.06604004
2219.02026367,2226.5715332,1045.82629395,1837.51074219
2231.66796875,2235.04956055,1192.90856934,2040.07177734
2235.88525391,2233.92529297,1244.77770996,2022.57287598
2217.73999023,2213.84936523,1218.91992188,1897.2623291
2197.10766602,2195.02416992,1371.78771973,1936.99987793
2203.47753906,2200.7722168,1721.20556641,2168.53417969
2223.20678711,2214.03125,1895.37512207,2266.76196289
2225.82446289,2208.36865234,1658.54296875,2016.93591309
2215.26318359,2192.37524414,1282.84350586,1682.80871582
2206.05200195,2181.88525391,1152.47851563,1606.39611816
2191.39868164,2171.10205078,1256.18591309,1702.98571777
2174.30297852,2162.72045898,1381.4630127,1805.08203125
2179.45776367,2176.11157227,1580.06665039,2112.51171875
2205.70727539,2203.8737793,1991.92919922,2677.79248047
2217.27514648,2210.46801758,2361.20947266,2949.94311523
2199.37329102,2186.83178711,2278.2409668,2557.26586914
2177.41162109,2162.76318359,1834.22717285,1980.60192871
2173.04785156,2159.9921875,1499.74633789,1782.88110352
2179.61083984,2169.12646484,1447.40148926,1837.70275879
2185.75927734,2175.72167969,1501.65722656,1870.86035156
2192.26611328,2179.84399414,1586.3470459,1995.64941406
2198.67993164,2183.61181641,1725.38317871,2247.45849609
2196.12084961,2180.57788086,1790.79064941,2317.88134766
2181.92553711,2167.43408203,1671.92907715,2086.82910156
2166.17993164,2152.52270508,1532.51501465,1843.11230469
2156.6184082,2143.09960938,1600.85827637,1808.88415527
2149.23583984,2135.49707031,1832.23693848,1863.91992188
2138.96166992,2126.01318359,2003.19287109,1841.53149414
2128.54223633,2119.49414063,2063.23999023,1831.87695313
2123.35424805,2120.52832031,2137.05761719,1991.10644531
2126.06616211,2127.91088867,2178.69677734,2146.43383789
2137.06738281,2140.70043945,2017.66015625,2015.40063477
2152.69018555,2156.81225586,1848.4276123,1859.67382813
2163.50683594,2165.94287109,2105.49682617,2202.2878418
2162.55273438,2160.09179688,2675.71142578,2787.05273438
2155.80249023,2149.71533203,2943.22875977,2829.59887695
2154.32714844,2149.68237305,2777.86523438,2370.24023438
2156.0090332,2153.44995117,2658.87939453,2137.31445313
2151.546875,2147.51953125,2730.82397461,2152.84204102
2146.99560547,2142.72729492,2639.26098633,1887.68945313
2154.8972168,2155.82958984,2360.96459961,1555.94616699
2166.77856445,2173.07299805,2322.58178711,1781.12841797
2166.93359375,2173.88232422,2609.06616211,2297.70117188
2164.94677734,2171.62255859,2766.16259766,2321.671875
2176.84204102,2185.25,2525.38256836,1871.85144043
2189.18066406,2197.27783203,2228.17700195,1650.35571289
2183.66748047,2187.99780273,2300.55029297,1896.98901367
2176.359375,2178.25756836,2591.18481445,2143.890625
2187.85620117,2189.40795898,2601.76953125,1986.27050781
2199.33618164,2198.06103516,2279.83203125,1604.29455566
2184.32519531,2178.4230957,2069.06689453,1410.33312988
2158.36083984,2151.00341797,2131.61962891,1431.85522461
2151.09619141,2144.29541016,2151.51733398,1406.8416748
2154.72241211,2145.98632813,2033.85192871,1401.8795166
2147.37548828,2135.68261719,2092.19750977,1727.00305176
2143.76782227,2131.62768555,2351.01293945,2194.27441406
2169.19140625,2158.04296875,2371.05761719,2217.04370117
2200.79443359,2191.07763672,2008.57897949,1766.10119629
2195.9621582,2189.64916992,1709.47814941,1453.49682617
2168.4206543,2165.34228516,1809.22290039,1580.59472656
2165.37768555,2161.00537109,2107.20825195,1862.59667969
2178.08984375,2169.64331055,2351.49951172,2104.50708008
2161.36572266,2150.85766602,2603.2824707,2388.88183594
2132.83691406,2121.52612305,2875.453125,2585.89990234
2150.00390625,2136.85595703,2904.15136719,2367.88354492
2197.59155273,2184.53100586,2570.97607422,1777.69445801
2208.92138672,2199.26733398,2161.88452148,1270.19689941
2184.08666992,2175.25024414,1945.61962891,1131.28686523
2174.75317383,2161.8293457,1843.17626953,1244.2277832
2179.56542969,2165.46362305,1749.77038574,1458.58447266
2164.32617188,2154.76123047,1800.41821289,1780.36755371
2148.15283203,2137.98461914,2013.77941895,2076.84936523
2169.76074219,2149.20410156,2065.85107422,2038.4230957
2208.49755859,2182.11425781,1797.703125,1688.57177734
2217.59790039,2199.74243164,1562.21386719,1488.11853027
2196.34667969,2188.47631836,1672.33129883,1654.45251465
2176.25146484,2167.80834961,1947.68859863,1892.37475586
2172.28100586,2161.54882813,2192.38745117,2042.94470215
2179.74951172,2171.77734375,2560.21875,2326.8840332
2190.80419922,2178.46362305,3032.1003418,2670.90307617
2197.1887207,2169.64575195,3157.95532227,2562.453125
2194.4909668,2161.28369141,2753.31982422,1921.5135498
2188.57617188,2168.88232422,2268.13452148,1388.74621582
2186.90209961,2177.85424805,2100.45458984,1385.3939209
2186.5871582,2169.07128906,2100.1328125,1561.9395752
2182.33105469,2154.81420898,2055.59716797,1568.8145752
2180.15478516,2157.99682617,2117.7331543,1684.32543945
2186.91552734,2170.60083008,2389.98583984,2121.22900391
2192.87353516,2167.02319336,2576.62573242,2381.9831543
2188.96606445,2151.11425781,2441.76513672,2061.85229492
2192.18530273,2152.10253906,2228.93432617,1660.14355469
2218.06787109,2171.53369141,2226.11523438,1735.57641602
2240.78442383,2175.43994141,2313.79370117,1964.28088379
2228.4777832,2151.6796875,2346.46972656,1944.37768555
2201.41357422,2131.59594727,2503.81274414,2054.0402832
2199.14550781,2134.30859375,2830.17236328,2548.17138672
2214.24438477,2135.46142578,2952.9753418,2801.51318359
2218.99462891,2117.99804688,2677.02368164,2381.53442383
2224.51318359,2105.7902832,2324.41235352,1852.78356934
2251.046875,2115.2121582,2164.57519531,1748.38305664
2277.58911133,2121.50732422,2069.52758789,1782.40441895
2278.3059082,2106.39404297,1964.11572266,1678.39794922
2270.09057617,2092.24462891,2034.56994629,1735.83068848
2278.30688477,2097.99243164,2281.14379883,2065.87597656
2294.43212891,2106.49291992,2390.08276367,2213.73242188
2301.7902832,2102.64526367,2243.03588867,1969.84887695
2307.71923828,2101.01611328,2110.87280273,1746.80126953
2324.6628418,2113.34448242,2186.95532227,1833.91333008
2344.77001953,2126.29589844,2334.71826172,2004.32299805
2351.49365234,2128.0390625,2436.40722656,2086.05712891
2344.13989258,2126.21606445,2589.09912109,2237.23388672
2338.16333008,2128.97119141,2794.68603516,2471.77026367
2342.32666016,2131.92211914,2829.43554688,2515.64038086
2347.96411133,2130.05908203,2598.21191406,2277.64794922
2348.25146484,2125.51342773,2317.6550293,2002.7520752
2351.62695313,2120.65673828,2206.90649414,1892.60205078
2362.00512695,2115.28417969,2232.76293945,1898.33276367
2366.01904297,2111.28027344,2259.70166016,1900.28405762
2357.34594727,2111.93188477,2251.66723633,1871.07397461
2352.16503906,2117.70581055,2220.29589844,1831.93469238
2362.46704102,2126.90234375,2145.24731445,1794.52697754
2373.671875,2134.93237305,2085.0012207,1834.36804199
2366.97412109,2131.91186523,2190.25244141,2074.20825195
2349.84887695,2114.12084961,2424.72802734,2418.69677734
2345.35546875,2097.95141602,2503.12915039,2529.22460938
2356.82495117,2102.171875,2319.09814453,2307.05859375
2363.94091797,2118.18041992,2116.9440918,2067.42480469
2356.95458984,2124.13598633,2068.47094727,2031.95214844
2350.39916992,2121.43530273,2138.61914063,2147.20556641
2352.05200195,2124.34130859,2429.25610352,2465.74291992
2347.69140625,2126.07006836,3005.6184082,3005.52270508
2333.60693359,2113.74926758,3422.93359375,3316.75073242
2330.89477539,2102.32104492,3204.30273438,3001.66357422
2347.01855469,2113.50317383,2641.77392578,2425.13793945
2357.78759766,2135.65527344,2330.73339844,2132.89477539
2348.03198242,2142.7175293,2249.32983398,2042.14050293
2336.64746094,2139.06201172,2111.22338867,1929.6640625
2342.77929688,2148.82226563,2105.22216797,2019.74743652
2356.84521484,2171.11547852,2428.82080078,2396.35375977
2359.62011719,2180.4206543,2674.13720703,2608.95849609
2346.50292969,2167.31933594,2477.78955078,2430.18457031
2325.46948242,2150.28222656,2185.44726563,2231.33862305
2309.44433594,2146.8527832,2223.75537109,2258.18920898
2309.29345703,2153.92529297,2444.89819336,2337.17700195
2319.32836914,2158.25683594,2593.42895508,2459.20629883
2320.31762695,2153.84765625,2766.34179688,2816.68945313
2308.21679688,2146.50146484,3011.89550781,3187.65942383
2298.62573242,2144.15722656,3066.55395508,3073.75610352
2295.14355469,2145.20410156,2786.30004883,2491.31811523
2286.92797852,2145.03344727,2391.62109375,1974.44873047
2282.22167969,2151.97998047,2152.12939453,1824.67749023
2298.29467773,2174.18334961,2151.7199707,1904.13867188
2315.78564453,2191.19824219,2346.71655273,2081.99047852
2299.33862305,2174.89746094,2609.09887695,2360.4831543
2264.3503418,2140.88110352,2778.25366211,2584.37280273
2260.88427734,2133.76318359,2803.28515625,2501.48364258
2291.94897461,2158.33544922,2767.77612305,2199.50463867
2311.52050781,2175.79858398,2771.46850586,2096.22070313
2301.5546875,2169.30859375,2857.78588867,2340.20214844
2288.51196289,2159.40429688,2986.05175781,2561.12670898
2285.63305664,2155.3918457,3039.37182617,2442.12670898
2277.7409668,2145.62011719,2975.54077148,2227.24731445
2263.98779297,2134.75927734,2929.31103516,2316.67993164
2264.13745117,2142.2434082,2993.69848633,2586.82910156
2278.33325195,2165.38745117,3023.07543945,2579.27026367
2281.86181641,2180.81713867,2891.79736328,2276.01489258
2265.74609375,2177.890625,2756.81103516,2127.7902832
2250.77807617,2166.47021484,2775.03076172,2275.93041992
2253.25244141,2158.47290039,2831.77392578,2398.44775391
2261.00073242,2156.32788086,2874.30004883,2447.59545898
2256.09912109,2156.38061523,3125.11401367,2759.62255859
2244.1965332,2157.92529297,3564.80957031,3223.25268555
2242.58764648,2164.3034668,3682.03686523,3210.12792969
2249.84448242,2173.02441406,3228.63549805,2625.04101563
2251.03369141,2176.15209961,2739.46826172,2183.75854492
2245.85620117,2174.19702148,2779.56054688,2355.33056641
2244.09130859,2173.31152344,3132.8605957,2760.68261719
2240.90063477,2171.09033203,3241.22851563,2840.63452148
2227.21289063,2165.37988281,3010.44458008,2532.57861328
2214.10229492,2164.64819336,2691.78637695,2121.25561523
2215.98901367,2169.18652344,2353.03759766,1803.32324219
2224.47094727,2166.15209961,1962.62731934,1571.10693359
2226.41918945,2159.1574707,1735.51379395,1441.56445313
2227.82983398,2167.98339844,1935.79138184,1604.87670898
2237.12036133,2190.43139648,2438.95849609,2093.64160156
2247.72705078,2204.85083008,2822.61425781,2476.64086914
2252.30078125,2208.8125,2862.47314453,2361.50073242
2251.85351563,2214.39111328,2714.42358398,2026.55151367
2245.58862305,2217.04370117,2607.75097656,1973.3079834
2231.92773438,2206.92578125,2547.61523438,2109.79614258
2217.50805664,2193.70458984,2409.18603516,2032.68859863
2210.36694336,2190.5402832,2214.65014648,1810.39929199
2211.37402344,2192.66210938,2153.23242188,1808.39904785
2219.36132813,2191.53955078,2312.65258789,2013.2286377
2232.50610352,2190.93676758,2527.50244141,2120.06420898
2241.94775391,2195.53613281,2570.78540039,2072.43701172
2237.55322266,2199.37744141,2414.35791016,2056.28344727
2221.40649414,2195.28979492,2211.34155273,2097.74560547
2205.93652344,2186.18945313,2072.5012207,2021.33764648
2199.83959961,2180.68530273,1985.27709961,1810.10534668
2202.01928711,2182.83837891,1950.57226563,1749.60046387
2206.4855957,2190.40136719,2029.69348145,2026.6394043
2208.39379883,2198.98266602,2189.17456055,2319.77319336
2206.58056641,2203.8449707,2271.05004883,2143.09838867
2202.73413086,2201.92919922,2213.61157227,1613.24157715
2199.04858398,2196.59692383,2146.93676758,1424.61962891
2197.30053711,2195.42919922,2191.17382813,1879.48120117
2199.56689453,2200.48095703,2308.28955078,2384.58813477
2207.36743164,2207.75244141,2400.51538086,2254.38134766
2217.07592773,2215.29492188,2416.75537109,1685.95727539
2218.63208008,2221.2331543,2345.50048828,1473.67114258
2208.10961914,2219.33276367,2210.98974609,1877.09472656
2198.12524414,2209.08178711,2066.74804688,2275.81103516
2197.56103516,2199.38793945,1949.92626953,2098.07983398
2190.06201172,2191.87963867,1895.0567627,1653.89477539
2164.18286133,2178.90795898,1964.91845703,1610.02600098
2147.22070313,2164.90454102,2151.06811523,1919.51416016
2163.04370117,2164.17480469,2303.66699219,1975.54284668
2183.39770508,2174.44189453,2303.80908203,1765.1003418
2176.08740234,2180.27807617,2223.3371582,1919.3248291
2162.08935547,2179.25244141,2184.7980957,2395.23095703
2167.55981445,2178.71362305,2192.90283203,2264.06176758
2172.18066406,2177.96484375,2231.55883789,1417.77893066
2159.79418945,2175.80395508,2353.05859375,1251.66711426
2158.34545898,2179.5090332,2519.15307617,2547.49609375
2182.99169922,2190.31323242,2539.80908203,3709.32470703
2202.5378418,2197.03295898,2340.72924805,2710.34448242
2195.453125,2192.76245117,2113.33837891,436.77722168
2182.54638672,2184.1003418,2040.05285645,-136.262588501
2186.34399414,2182.23120117,2070.50073242,2000.59558105
2202.47998047,2192.49609375,2120.84082031,4432.52685547
2215.31323242,2208.48925781,2240.15307617,3815.515625
2213.45263672,2215.07373047,2397.46191406,-54.3129272461
2196.40795898,2204.98754883,2392.79272461,-2178.17773438
2178.31420898,2189.16455078,2188.48730469,1836.72924805
2173.19580078,2182.92163086,2034.26025391,6470.32617188
2179.52441406,2190.02636719,2079.63476563,3350.29467773
2192.8581543,2207.34667969,2182.48730469,-2111.01074219
2215.7890625,2231.65136719,2237.49658203,200.469726563
2238.22583008,2251.79638672,2320.80957031,3732.22265625
2234.84399414,2249.81054688,2401.74853516,-70.3683395386
2203.79003906,2224.67553711,2315.88476563,2102.12402344
2179.9675293,2201.57128906,2101.93798828,20357.9785156
2188.58984375,2201.07983398,1970.10290527,33058.40625
2213.97167969,2213.43920898,1930.63183594,20904.4589844
2232.72021484,2220.89160156,1849.52355957,2224.90991211
2244.98510742,2226.3059082,1789.58703613,-642.646606445
2253.91259766,2237.46142578,1876.78564453,3165.19311523
2249.2175293,2244.63598633,1978.24023438,-55.0515785217
2230.62524414,2238.76245117,1931.82629395,-2384.66601563
2216.00292969,2231.11767578,1878.2565918,3146.06005859
2213.97070313,2233.36108398,1982.57104492,6717.06689453
2217.05273438,2238.265625,2123.94360352,2120.95117188
2222.39355469,2235.98388672,2186.69311523,-2580.80419922
2230.7121582,2229.79370117,2279.28637695,-626.591552734
2233.30761719,2224.9909668,2403.31494141,4419.63623047
2226.34814453,2218.91479492,2338.63037109,6132.19042969
2222.61962891,2209.04760742,2053.0378418,2749.7199707
2227.71069336,2199.68286133,1796.97644043,-1720.83435059
2226.640625,2196.41650391,1691.29260254,-2002.71850586
2212.71508789,2199.5,1632.74462891,2290.8034668
2203.63061523,2204.75341797,1623.69396973,5944.49951172
2210.16943359,2208.55712891,1791.93908691,4040.66870117
2215.11694336,2208.90429688,2078.10107422,-1912.49230957
2204.25366211,2203.58520508,2244.00732422,-4020.30249023
2194.11010742,2193.33837891,2200.87060547,2459.07006836
2203.10888672,2183.79980469,2079.06762695,9013.93261719
2215.06152344,2177.01635742,1989.64343262,4627.25634766
2203.49511719,2168.46557617,1931.5793457,-3855.84594727
2177.93115234,2160.02197266,1927.84741211,-2507.41650391
2168.77514648,2161.39916992,2050.94091797,3508.72436523
2176.79174805,2170.91699219,2257.59375,2950.59838867
2178.27246094,2174.49291992,2344.39941406,4971.65039063
2171.01928711,2169.15039063,2168.31396484,18836.4726563
2172.88745117,2165.11376953,1835.80126953,28443.1191406
2183.08203125,2164.76733398,1573.93103027,20195.9882813
2183.02416992,2163.08618164,1474.3536377,7080.86181641
2167.70043945,2162.08447266,1484.61877441,1666.63012695
2150.70263672,2163.31958008,1571.01062012,-556.238708496
2148.12231445,2160.39599609,1703.5916748,-2072.93774414
2164.60522461,2154.82470703,1759.65625,-443.589111328
2182.90454102,2156.5090332,1661.37304688,2011.11120605
2180.44335938,2160.25561523,1526.36169434,7610.71923828
2167.27172852,2152.12207031,1493.56396484,20565.6269531
2171.85107422,2138.09472656,1533.8416748,28350.1953125
2182.38867188,2131.40136719,1578.42773438,18422.5078125
2161.40625,2123.90917969,1643.26147461,4636.98779297
2123.39160156,2109.34130859,1718.02697754,2869.40454102
2122.49658203,2111.55004883,1732.2487793,3610.86303711
2159.42749023,2146.35473633,1679.6751709,-2271.31958008
2182.76293945,2183.89355469,1613.75866699,-3616.19726563
2183.43359375,2192.00585938,1557.37158203,4552.6328125
2202.26904297,2185.75561523,1534.21704102,8612.18164063
2240.3894043,2193.47387695,1584.03283691,2378.3737793
2246.62597656,2206.56494141,1672.61804199,-3216.61035156
2208.15600586,2203.02148438,1709.50390625,-775.127441406
2177.95043945,2191.11401367,1673.63830566,4254.03564453
2186.40600586,2190.54589844,1625.515625,5058.64794922
2193.05737305,2193.40307617,1641.56335449,1996.05383301
2165.35595703,2180.69824219,1783.35437012,-264.430847168
2143.05444336,2161.29443359,2026.2923584,769.09942627
2168.04956055,2160.3293457,2216.12524414,3051.81616211
2206.55541992,2179.00268555,2217.20629883,3504.71801758
2208.23120117,2194.78271484,2060.11914063,2176.70043945
2189.21240234,2194.51708984,1848.88659668,1260.6817627
2187.53222656,2185.35498047,1643.12243652,1482.85449219
2193.5925293,2180.35009766,1521.90356445,1787.21520996
2190.01025391,2186.83032227,1583.32849121,1596.6105957
2196.65307617,2199.91723633,1769.95117188,1561.04284668
2220.12792969,2205.20654297,1876.48547363,2073.95263672
2225.19165039,2198.01757813,1824.23791504,2430.98486328
2195.10961914,2187.82177734,1742.56103516,2008.88269043
2156.29785156,2174.11499023,1718.32275391,1393.19958496
2130.20629883,2147.52197266,1692.28100586,1554.99768066
2121.4765625,2124.09155273,1669.47558594,2371.24169922
2140.88696289,2134.26586914,1765.45910645,2763.69384766
2183.15966797,2168.88769531,1942.78955078,2202.78515625
2209.87695313,2186.19360352,1974.66015625,1412.37243652
2199.2109375,2175.57983398,1794.15869141,1371.77856445
2177.33056641,2163.75268555,1620.73217773,2010.62121582
2172.63476563,2162.84008789,1632.28417969,2362.87207031
2178.78491211,2161.38354492,1780.23425293,1985.01269531
2182.3984375,2158.0559082,2014.20605469,1599.13342285
2191.03637695,2162.98071289,2383.92041016,1977.25305176
2211.82788086,2172.98339844,2802.34643555,2768.08105469
2223.98681641,2173.50170898,2988.92919922,3014.26220703
2200.6027832,2160.35791016,2794.18701172,2444.95703125
2153.82641602,2144.8918457,2390.63769531,1679.34362793
2126.48999023,2139.13476563,2033.35559082,1343.95202637
2133.13378906,2142.50830078,1791.68115234,1445.4362793
2145.91967773,2145.77319336,1641.79992676,1630.02575684
2146.40185547,2144.65039063,1672.20776367,1771.03857422
2148.34472656,2142.65454102,1953.28930664,2023.49645996
2159.76513672,2142.8425293,2260.70922852,2334.84912109
2164.84912109,2144.48168945,2257.06835938,2345.11303711
2155.77856445,2145.93823242,1971.93762207,1949.36376953
2150.10180664,2147.13256836,1735.14099121,1502.63647461
2163.95117188,2151.44726563,1623.59008789,1278.05859375
2185.93286133,2162.18457031,1430.41650391,1197.5501709
2190.75292969,2174.20043945,1179.6003418,1193.67028809
2176.96191406,2178.48779297,1114.30029297,1310.89428711
2173.01391602,2176.69433594,1164.83630371,1439.39794922
2188.99047852,2176.18969727,1037.28259277,1441.62475586
2191.03808594,2174.55517578,826.991455078,1415.62902832
2162.7355957,2170.71166992,895.635070801,1442.16699219
2148.76464844,2180.02563477,1153.01196289,1402.29882813
2177.64916992,2209.21313477,1137.88964844,1339.47302246
2202.55517578,2234.89526367,818.74206543,1480.55200195
2190.72680664,2238.49633789,657.703552246,1714.15063477
2184.43603516,2233.16259766,854.134094238,1706.18640137
2200.80297852,2227.72509766,1121.3013916,1571.05029297
2189.44458008,2208.84301758,1236.29382324,1695.38781738
2151.29443359,2183.26416016,1292.22729492,2030.26953125
2152.54345703,2179.73266602,1405.57983398,2305.06787109
2181.97900391,2191.55004883,1597.57897949,2625.66845703
2162.69067383,2182.33862305,1903.28381348,3117.62670898
2111.33496094,2153.63818359,2267.70629883,3408.23681641
2107.42089844,2138.70727539,2476.94604492,3153.83618164
2134.98193359,2138.79980469,2410.85473633,2613.79516602
2129.41748047,2132.93383789,2137.96850586,2164.08618164
2116.18286133,2130.14794922,1726.67443848,1810.14941406
2143.01538086,2149.75195313,1345.74755859,1622.11352539
2165.62109375,2175.08886719,1396.91088867,1934.34619141
2138.21191406,2179.29077148,1945.57214355,2597.984375
2113.16992188,2171.6015625,2301.74267578,2810.34570313
2137.60595703,2175.9206543,1949.40466309,2303.91967773
2157.71606445,2185.921875,1487.99353027,1894.58618164
2123.56274414,2180.21289063,1726.42871094,2184.50219727
2090.4909668,2167.42602539,2374.98657227,2664.89697266
2122.03369141,2175.83374023,2680.89770508,2829.20800781
2175.25390625,2202.66894531,2738.00073242,3049.79785156
2180.74926758,2217.55761719,3038.33984375,3541.52978516
2164.23364258,2217.48242188,3366.54248047,3690.01342773
2181.30688477,2227.61572266,3272.0559082,3245.09033203
2201.41772461,2244.44482422,3049.1496582,2947.41845703
2176.08276367,2237.86743164,3220.90283203,3235.23803711
2149.96118164,2214.57543945,3575.6862793,3527.62939453
2177.09106445,2213.79150391,3577.80004883,3360.1887207
2204.18212891,2234.71313477,3278.16015625,3096.71166992
2163.28833008,2235.45922852,3136.8425293,3100.78149414
2099.36987305,2208.72167969,3295.46166992,3187.88549805
2090.40966797,2191.93896484,3492.25097656,3146.28588867
2121.6171875,2197.96044922,3466.07421875,3039.09521484
2136.07299805,2199.6574707,3235.27856445,2960.31811523
2133.94360352,2188.33032227,3111.45654297,3022.12646484
2141.99462891,2186.03955078,3365.65771484,3353.57666016
2147.88183594,2192.93945313,3780.55932617,3749.43554688
2129.43261719,2180.890625,3843.75952148,3764.59033203
2106.04345703,2148.96240234,3485.24023438,3383.60546875
2108.59716797,2130.73828125,3140.14624023,3013.68579102
2124.40014648,2137.21069336,2995.71337891,2760.92578125
2119.6171875,2143.59960938,2817.25439453,2455.21362305
2099.92431641,2138.20361328,2610.74633789,2300.1472168
2096.84692383,2134.22021484,2689.39794922,2595.26806641
2107.10522461,2132.77148438,2953.71655273,2970.14575195
2105.23266602,2123.33300781,2908.67358398,2846.44189453
2098.75878906,2115.33105469,2523.69287109,2426.80224609
2104.73583984,2122.91308594,2298.56298828,2310.11376953
2101.00976563,2131.81689453,2412.265625,2494.74316406
2071.04589844,2124.56518555,2559.8125,2646.77319336
2053.10058594,2116.02001953,2626.95922852,2860.48071289
2074.91796875,2123.15844727,2800.72949219,3288.82055664
2096.9987793,2129.86376953,3037.79101563,3549.83911133
2084.62963867,2119.97241211,3050.4675293,3266.24511719
2067.13085938,2109.45556641,2785.20581055,2693.9921875
2071.05151367,2111.57836914,2453.26049805,2254.20581055
2071.86547852,2109.76220703,2180.55664063,1964.9921875
2056.12231445,2094.25317383,1984.31445313,1752.76733398
2052.98950195,2084.81860352,1970.81616211,1802.08105469
2073.20092773,2093.68579102,2213.2109375,2199.71313477
2089.55737305,2104.91430664,2488.27563477,2603.63330078
2090.60766602,2106.42797852,2467.02612305,2636.60375977
2089.19042969,2107.25488281,2196.65795898,2412.92773438
2085.01464844,2113.95141602,2054.88061523,2318.63720703
2073.44897461,2118.9453125,2178.17651367,2395.69580078
2067.56958008,2116.36157227,2358.59204102,2406.61157227
2071.56445313,2110.1965332,2534.4074707,2410.76098633
2071.50805664,2107.9152832,2826.74975586,2648.26513672
2074.28540039,2115.17236328,3079.7487793,2921.04907227
2100.11816406,2130.83740234,3001.734375,2812.72265625
2130.02416992,2145.31176758,2725.91748047,2426.00317383
2127.52978516,2151.43530273,2603.13183594,2182.26416016
2105.99169922,2153.00561523,2601.22973633,2113.33666992
2104.97192383,2155.50048828,2509.60473633,2041.1159668
2119.77026367,2157.16381836,2438.2487793,2092.1940918
2120.90942383,2156.02270508,2542.46484375,2379.26367188
2113.53515625,2155.90332031,2626.00610352,2599.60229492
2118.84594727,2159.29150391,2509.42871094,2500.31884766
2128.66235352,2161.78735352,2386.23632813,2300.87768555
2121.93115234,2158.27587891,2446.82299805,2276.13867188
2100.13647461,2150.46118164,2586.27758789,2394.09472656
2083.73486328,2145.31982422,2726.04077148,2587.11132813
2088.15356445,2147.06835938,2953.68286133,2869.59838867
2105.40405273,2152.58007813,3182.79418945,3057.5378418
2110.8828125,2156.08032227,3145.87988281,2880.22900391
2100.12060547,2156.49536133,2834.91333008,2437.90039063
2095.64257813,2156.09716797,2530.43505859,2092.69213867
2099.48339844,2153.43798828,2383.60473633,1960.41259766
2086.88110352,2145.45336914,2361.82348633,1952.35913086
2065.6550293,2137.1640625,2494.36645508,2116.98535156
2073.20922852,2138.16845703,2753.94262695,2448.63085938
2100.78369141,2146.12866211,2883.0,2638.16015625
2100.54345703,2147.07641602,2738.17333984,2495.59082031
2070.8449707,2137.06298828,2547.57519531,2283.82128906
2052.31005859,2128.10766602,2514.68701172,2260.31518555
2051.69946289,2128.41992188,2566.56665039,2343.96069336
2049.59082031,2135.27954102,2715.35644531,2489.79443359
2056.99316406,2148.89135742,3095.74755859,2802.75854492
2090.20117188,2170.50756836,3473.1171875,3103.7253418
2123.03759766,2188.84204102,3402.92993164,3024.45776367
2124.87524414,2193.00024414,2987.74707031,2615.54785156
2110.10473633,2191.96289063,2742.51660156,2248.89404297
2107.2409668,2198.12573242,2732.11987305,2017.74841309
2116.2277832,2205.41601563,2640.89306641,1854.37182617
2123.92993164,2203.89086914,2536.78442383,1947.14440918
2128.2097168,2196.69702148,2681.8371582,2352.41210938
2130.27197266,2187.3347168,2813.65307617,2591.93066406
2126.43774414,2171.80737305,2522.17358398,2329.51586914
2113.9597168,2152.75073242,2073.75366211,1972.00732422
2096.11889648,2141.4465332,2015.24816895,1985.13366699
2083.96264648,2141.88305664,2293.21875,2218.14697266
2087.63330078,2146.95288086,2528.33105469,2445.31469727
2098.73974609,2149.41186523,2743.91333008,2839.4987793
2099.49584961,2148.7890625,3101.82104492,3381.66699219
2094.42993164,2149.83422852,3332.49316406,3532.56860352
2101.29150391,2154.9987793,3083.97924805,2995.90771484
2111.47119141,2158.55224609,2531.14453125,2244.7734375
2103.98486328,2155.41064453,2147.53735352,1905.16723633
2091.24023438,2152.62670898,2089.22705078,2009.42321777
2098.46313477,2158.33105469,2150.64160156,2167.58886719
2112.85498047,2165.24316406,2203.60205078,2243.2421875
2108.84570313,2162.375,2381.88500977,2472.87915039
2100.00585938,2154.50878906,2762.53979492,2883.9362793
2109.56005859,2151.96875,3086.13183594,3059.91699219
2120.68432617,2152.13696289,3040.44360352,2769.15454102
2110.24853516,2149.06323242,2695.38500977,2360.53198242
2095.19335938,2149.00170898,2355.46508789,2182.24658203
2097.88500977,2158.70751953,2113.07543945,2106.16381836
2106.64624023,2170.05175781,1894.82629395,1956.70837402
2109.24023438,2172.90209961,1806.29455566,1902.82958984
2121.44458008,2172.84545898,2033.18408203,2121.96020508
2151.35571289,2180.59936523,2458.68286133,2443.8425293
2176.1784668,2193.09887695,2715.57861328,2540.78393555
2176.05175781,2199.33129883,2638.17016602,2327.35058594
2156.87182617,2195.81665039,2434.51025391,2077.96704102
2130.90722656,2184.35351563,2362.27246094,2078.5847168
2105.81787109,2166.62182617,2412.40600586,2210.10424805
2093.28759766,2151.73144531,2424.04516602,2166.00170898
2100.90942383,2152.52636719,2383.0625,2032.83532715
2117.83740234,2164.13256836,2419.20703125,2154.01489258
2126.59863281,2165.95385742,2536.35498047,2445.45166016
2121.48974609,2152.58276367,2553.90649414,2488.34082031
2106.71069336,2139.38623047,2389.84228516,2298.55786133
2090.71679688,2133.97558594,2218.40551758,2286.53540039
2086.86132813,2130.75756836,2216.62451172,2467.34814453
2104.36694336,2134.44238281,2336.60986328,2497.80419922
2135.91064453,2154.70483398,2489.11303711,2446.33154297
2162.93310547,2177.09130859,2715.37890625,2646.36938477
2171.46777344,2176.46411133,2969.6484375,2881.01538086
2160.44580078,2159.60400391,3030.1237793,2680.78198242
2141.32543945,2156.74829102,2859.1784668,2266.88696289
2129.53393555,2172.04589844,2711.58422852,2185.73266602
2129.97753906,2180.50390625,2706.95239258,2296.12182617
2134.89819336,2172.53515625,2696.14257813,2145.50976563
2137.99511719,2163.77661133,2632.4387207,1918.51257324
2138.72241211,2160.49731445,2620.74023438,2025.63269043
2132.4621582,2150.79492188,2637.36889648,2306.08178711
2115.3762207,2133.65698242,2659.23364258,2494.83959961
2099.87915039,2125.85058594,2869.22387695,2802.09814453
2103.57666016,2133.23291016,3281.61767578,3312.22119141
2121.60546875,2140.078125,3500.78466797,3528.06762695
2131.63085938,2135.09960938,3266.2878418,3109.02807617
2125.72143555,2127.47119141,2827.32373047,2438.97338867
2114.53759766,2126.87255859,2478.63012695,2041.94274902
2103.0859375,2126.17407227,2235.53515625,1980.06494141
2089.02392578,2117.99291992,2166.87304688,2115.92553711
2081.71850586,2112.22241211,2436.79394531,2431.81298828
2093.96533203,2120.07080078,2846.49926758,2791.6730957
2117.39208984,2134.21582031,2951.00976563,2861.43310547
2130.87573242,2140.83129883,2735.50268555,2577.79003906
2127.61010742,2139.28320313,2589.91381836,2307.09692383
2117.06616211,2138.02075195,2640.10644531,2322.06176758
2110.41235352,2141.46557617,2727.421875,2538.37670898
2113.05737305,2148.02734375,2917.43334961,2868.31152344
2122.86962891,2155.0559082,3337.10742188,3302.78393555
2134.99047852,2163.27783203,3670.69238281,3586.07568359
2147.55541992,2174.14038086,3508.17675781,3389.67358398
2153.73046875,2181.42675781,3019.97021484,2848.69995117
2142.41723633,2177.41357422,2679.28027344,2417.53540039
2122.78710938,2169.83740234,2563.14526367,2265.73828125
2120.26196289,2171.88818359,2480.95751953,2273.02783203
2133.11206055,2176.09643555,2482.98095703,2418.828125
2134.3996582,2166.99633789,2692.3762207,2699.79223633
2124.06152344,2153.5324707,2905.41870117,2876.9609375
2125.28442383,2154.24926758,2850.54980469,2751.19238281
2132.1796875,2160.68896484,2639.66845703,2503.71972656
2120.86669922,2151.20751953,2566.35571289,2417.0
2099.86621094,2128.63696289,2642.21508789,2495.11352539
2093.1394043,2112.41137695,2685.81665039,2646.32543945
2094.55859375,2106.21459961,2697.51123047,2907.34985352
2086.11865234,2100.24145508,2788.77441406,3190.25097656
2075.80395508,2095.59814453,2877.36474609,3192.79589844
2082.30200195,2102.96679688,2807.79394531,2862.96777344
2102.39233398,2118.4597168,2659.36962891,2552.56054688
2114.05053711,2120.69848633,2608.69287109,2470.66992188
2103.42382813,2100.984375,2638.91088867,2451.00878906
2081.63623047,2079.84130859,2677.16088867,2425.88354492
2069.70922852,2076.74975586,2777.20776367,2551.99365234
2068.40625,2081.20336914,2889.58789063,2713.31982422
2064.72192383,2077.55126953,2784.3605957,2547.59423828
2065.33691406,2076.63427734,2460.07885742,2128.6340332
2084.31616211,2092.06225586,2238.67138672,1961.81860352
2103.68310547,2109.20654297,2268.51953125,2178.54980469
2096.43945313,2110.86035156,2385.625,2417.09985352
2076.86450195,2108.01391602,2545.34765625,2554.29052734
2076.41674805,2114.72949219,2847.18432617,2807.49365234
2091.03686523,2120.80493164,3107.31713867,3077.84863281
2098.93359375,2115.54956055,2995.94897461,2980.42138672
2100.72924805,2109.49707031,2616.02563477,2587.44775391
2104.31982422,2112.12451172,2397.70727539,2389.0715332
2102.74511719,2115.5234375,2442.76049805,2478.85766602
2092.86206055,2113.47094727,2493.56274414,2510.68017578
2086.86669922,2112.06225586,2498.19091797,2448.96875
2092.45166016,2114.19213867,2662.04150391,2572.61108398
2102.04125977,2113.59692383,2928.66748047,2736.63720703
2103.60400391,2106.80737305,2948.46850586,2490.9230957
2092.28051758,2096.75244141,2662.88769531,1984.13830566
2075.62890625,2086.27734375,2419.59448242,1850.52661133
2067.57055664,2077.96582031,2387.73144531,2141.93237305
2072.40112305,2076.27368164,2371.87695313,2315.46679688
2081.54101563,2082.40454102,2313.06445313,2284.45874023
2086.86254883,2090.76171875,2400.78881836,2445.58325195
2086.49023438,2095.27880859,2575.82788086,2694.9609375
2081.03417969,2096.04321289,2521.33740234,2534.87304688
2074.58349609,2096.76025391,2240.35742188,2114.75976563
2074.11523438,2099.15307617,2068.04296875,2050.93383789
2082.59936523,2102.54272461,2102.33105469,2309.4777832
2096.37036133,2105.85571289,2176.84008789,2349.44360352
2106.49560547,2107.29296875,2305.69897461,2214.05932617
2102.77050781,2103.95458984,2593.33325195,2423.06445313
2085.89648438,2094.33007813,2844.91821289,2922.27294922
2070.80639648,2081.74560547,2800.84228516,3081.54711914
2066.95141602,2074.46313477,2577.69897461,2653.7253418
2067.61572266,2079.28833008,2420.94140625,2069.74731445
2068.59448242,2093.72949219,2299.25854492,1897.47692871
2077.46777344,2108.31567383,2149.88745117,2327.9609375
2094.10961914,2117.29125977,2142.51342773,2943.68603516
2104.11694336,2121.41088867,2314.00048828,2997.39404297
2101.81347656,2121.49511719,2372.25952148,2362.71972656
2099.89013672,2117.52050781,2180.40454102,1914.07141113
2106.99414063,2113.00610352,1978.29760742,2289.75024414
2113.69873047,2113.05273438,1936.1072998,2814.58227539
2111.33227539,2118.77709961,1983.92871094,2603.34301758
2108.74291992,2126.45336914,2127.01220703,2075.40966797
2115.93994141,2130.50537109,2402.71337891,2148.70581055
2123.66967773,2128.94311523,2598.49169922,2566.359375
2117.53515625,2127.54760742,2514.06884766,2447.89916992
2104.46044922,2133.23925781,2324.73095703,1985.30541992
2104.1706543,2142.63208008,2278.65551758,2058.5456543
2117.32666016,2146.34057617,2343.76416016,2496.85375977
2125.41796875,2144.9230957,2452.64160156,2287.56835938
2124.48632813,2148.30834961,2662.71411133,1483.04577637
2130.91967773,2157.67285156,2858.01928711,1433.69458008
2144.82739258,2162.34545898,2789.60888672,2698.82983398
2142.85449219,2159.74609375,2545.20996094,3791.06958008
2123.63085938,2161.81542969,2464.85205078,2898.9128418
2117.22705078,2171.25415039,2554.07397461,686.607666016
2129.65258789,2170.3359375,2526.76904297,-80.5968170166
2130.63720703,2150.875,2404.44335938,2014.79724121
2114.97802734,2134.54370117,2474.63500977,4865.39404297
2113.05444336,2138.96655273,2670.48828125,4531.93652344
2126.77636719,2145.89379883,2611.53320313,242.616455078
2124.79052734,2132.89208984,2273.96044922,-2394.09301758
2107.11743164,2112.70703125,2012.40197754,1867.2052002
2103.71142578,2106.85107422,1920.42077637,7092.25
2112.53149414,2105.34716797,1797.04736328,3908.75341797
2107.41552734,2091.79101563,1718.10021973,-2160.28759766
2096.2199707,2083.47998047,1969.74914551,-0.0075434432365
2106.44506836,2102.26391602,2416.40893555,4149.57958984
2126.97607422,2128.23657227,2562.66333008,986.081481934
2124.18798828,2130.49584961,2254.56958008,3013.45751953
2102.83007813,2121.7109375,1816.06835938,20353.1992188
2095.51293945,2131.27514648,1527.23571777,32270.6816406
2104.58398438,2149.60205078,1374.64050293,20375.3164063
2107.72290039,2153.05932617,1291.15258789,2674.39916992
2107.21630859,2154.18310547,1344.91394043,260.020324707
2120.13549805,2171.71118164,1611.22302246,3711.7890625
2134.93457031,2185.7421875,1951.5020752,371.172668457
2129.73999023,2175.68457031,2072.2565918,-1464.90087891
2115.61376953,2162.70385742,1889.38806152,4157.23388672
2115.21337891,2167.64257813,1647.68200684,6959.79248047
2122.38378906,2172.06567383,1541.52355957,1775.22998047
2122.02026367,2160.87451172,1498.9095459,-2647.64892578
2119.93115234,2154.93603516,1480.96252441,-451.368408203
2122.70239258,2167.43994141,1597.57324219,3879.9777832
2122.10498047,2175.50512695,1782.52990723,4764.11328125
2118.2512207,2162.80297852,1789.06555176,2118.75585938
2121.40454102,2145.62841797,1603.02819824,-291.320617676
2125.25830078,2135.6472168,1458.14660645,279.867767334
2117.36083984,2120.4753418,1462.00085449,2594.47167969
2109.13256836,2098.96875,1571.38781738,3587.14331055
2115.64282227,2093.88183594,1793.21154785,2647.1184082
2123.07543945,2113.01416016,2060.46191406,1678.68469238
2115.12524414,2134.31958008,2129.43383789,1788.62988281
2105.93041992,2141.43603516,1919.73791504,2276.64306641
2111.16064453,2142.55517578,1685.65637207,2273.68017578
2117.91772461,2148.19360352,1594.51977539,1870.00158691
2114.23730469,2157.10449219,1502.02844238,1615.43676758
2114.00878906,2166.16894531,1369.34008789,1711.7010498
2126.63867188,2174.86499023,1426.85388184,1892.12597656
2135.87329102,2180.94384766,1691.68505859,1905.53198242
2130.15991211,2181.5625,1847.76416016,1922.44189453
2124.0300293,2175.65283203,1800.08215332,2177.74780273
2131.69238281,2164.59179688,1812.92175293,2370.90576172
2143.78149414,2154.05419922,2006.16601563,2107.11083984
2145.78540039,2148.8972168,2242.12744141,1833.4420166
2140.9387207,2145.0559082,2472.49291992,2324.83422852
2139.64819336,2136.8269043,2703.09106445,3236.63427734
2140.07373047,2128.93798828,2765.20019531,3361.83251953
2135.73217773,2129.55712891,2532.50854492,2438.64599609
2131.95507813,2137.97119141,2156.83764648,1512.01660156
2136.56835938,2148.3137207,1854.97741699,1372.79309082
2143.09155273,2156.32861328,1732.68603516,1737.20678711
2142.60961914,2158.9128418,1863.93457031,2064.32373047
2142.05273438,2157.46484375,2201.18310547,2214.07495117
2148.89233398,2159.12573242,2453.47070313,2203.62646484
2151.25415039,2165.48022461,2375.77661133,2051.58666992
2139.16992188,2169.07006836,2082.15209961,1910.03710938
2128.38598633,2167.82177734,1843.65185547,1895.2598877
2133.64990234,2168.35961914,1761.30297852,1918.39221191
2141.27270508,2170.66113281,1838.66564941,1979.90917969
2139.3112793,2166.87768555,2136.9921875,2291.58837891
2142.30322266,2157.25390625,2596.32519531,2798.05834961
2153.79321289,2150.0559082,2888.27636719,3019.19189453
2148.52856445,2147.17016602,2745.79345703,2722.75805664
2123.62670898,2144.41064453,2332.3972168,2289.87036133
2113.17504883,2141.02563477,2008.17724609,2077.60888672
2125.07910156,2138.13305664,1861.08410645,1956.04406738
2125.80761719,2134.78979492,1780.83850098,1815.20605469
2106.99511719,2130.63549805,1806.38378906,1898.6965332
2099.78808594,2125.79516602,1994.84838867,2223.95874023
2111.65454102,2120.82446289,2139.0168457,2319.21728516
2115.47338867,2121.28637695,2046.00244141,1983.71533203
2105.87597656,2131.43823242,1889.84851074,1680.63000488
2106.10546875,2141.90551758,1907.29614258,1766.41625977
2119.2746582,2141.30883789,2025.19763184,1998.28356934
2124.40625,2137.85571289,2122.65820313,2179.18896484
2120.0012207,2148.0065918,2308.93066406,2540.08764648
2129.15332031,2169.66235352,2636.08398438,3082.6328125
2157.62939453,2187.8034668,2882.55053711,3307.42993164
2179.85473633,2197.23242188,2838.49414063,2976.94311523
2176.6159668,2201.49780273,2509.07592773,2439.57568359
2161.25976563,2200.85888672,2000.2668457,1992.4029541
2154.28735352,2195.27368164,1503.38684082,1655.02453613
2154.81225586,2189.71777344,1270.21618652,1564.98376465
2154.23999023,2189.05908203,1311.97595215,1799.82189941
2155.53588867,2192.42504883,1353.15332031,1982.54333496
2161.10717773,2192.70141602,1279.97973633,1817.04296875
2162.40698242,2182.6027832,1259.97912598,1627.04321289
2155.10522461,2166.91308594,1323.45129395,1735.70471191
2146.92944336,2161.16918945,1351.54797363,1963.36096191
2145.1862793,2168.86889648,1495.48535156,2218.97045898
2150.52416992,2173.68896484,1967.54321289,2681.75952148
2158.92797852,2165.04272461,2451.26025391,3062.63476563
2159.82739258,2152.98217773,2419.77734375,2771.61254883
2145.2253418,2147.94995117,1977.50744629,2021.48083496
2126.73095703,2147.21655273,1698.35498047,1643.25256348
2123.64819336,2148.96166992,1738.5859375,1783.85083008
2133.82006836,2157.73510742,1780.08312988,1881.26696777
2141.88452148,2170.74023438,1731.1809082,1783.87414551
2148.98022461,2176.71191406,1825.66784668,1839.46252441
2161.74438477,2169.52685547,2057.703125,2050.29345703
2165.07666016,2152.29467773,2094.80664063,2053.18676758
2143.63500977,2133.08251953,1846.72314453,1828.00512695
2115.49975586,2120.68286133,1669.33520508,1745.31933594
2108.27026367,2116.16552734,1819.93395996,1954.46875
2119.15698242,2111.87182617,2094.80712891,2209.47900391
2129.62426758,2106.88012695,2274.63500977,2345.95703125
2137.45068359,2110.14746094,2529.99731445,2545.4934082
2146.34130859,2119.39526367,2978.71289063,2916.65429688
2146.54858398,2117.85717773,3234.37890625,3117.76831055
2130.9765625,2102.24560547,2929.43994141,2791.57373047
2112.08056641,2090.48510742,2359.67724609,2175.22558594
2104.34887695,2092.42016602,2056.1550293,1791.32592773
2105.76245117,2096.90087891,2029.92883301,1719.14550781
2109.31542969,2096.39550781,2001.22583008,1738.22851563
2117.46459961,2100.52416992,2033.28259277,1920.01281738
2133.09863281,2114.55810547,2288.88525391,2342.02929688
2149.06933594,2125.59619141,2462.03637695,2544.26928711
2157.6081543,2123.59155273,2170.0625,2145.68041992
2158.58740234,2118.96069336,1671.28710938,1631.65539551
2151.58007813,2123.9543457,1491.32189941,1634.67700195
2135.7565918,2131.62597656,1613.31140137,1949.42077637
2122.25415039,2130.77978516,1731.76464844,2142.10424805
2126.05078125,2127.72460938,1919.92944336,2395.94482422
2143.17724609,2133.82299805,2304.74926758,2838.29541016
2156.91748047,2144.19262695,2530.39111328,2914.72045898
2162.17919922,2147.69604492,2277.07226563,2337.53710938
2162.44091797,2145.45336914,1850.0423584,1751.35864258
2154.56176758,2142.70703125,1664.71142578,1708.18444824
2139.16796875,2136.60717773,1681.22436523,1899.34838867
2130.35888672,2126.44775391,1765.60046387,1941.85778809
2133.98095703,2120.07836914,1976.0222168,1991.92480469
2134.73608398,2119.56787109,2192.49926758,2185.36645508
2123.87084961,2118.24438477,2115.92700195,2286.92578125
2117.56005859,2116.72021484,1814.36254883,2127.06347656
2127.88793945,2121.14501953,1675.59814453,1818.82104492
2139.73120117,2126.36108398,1795.1151123,1594.14135742
2137.89355469,2123.28173828,1960.57104492,1788.14489746
2131.51831055,2117.12695313,2135.40209961,2587.35766602
2130.328125,2116.85693359,2407.37573242,3450.51904297
2125.51879883,2117.44165039,2587.00756836,3403.29980469
2114.41088867,2111.37329102,2394.90820313,2363.20703125
2112.41357422,2103.97509766,1983.19909668,1502.1875
2123.02270508,2102.91259766,1799.11047363,1706.68371582
2127.26171875,2105.41601563,1950.19555664,2343.17211914
2114.92333984,2104.50976563,2143.27368164,2363.22290039
2099.22973633,2099.40551758,2260.71655273,2006.19812012
2095.62963867,2096.39599609,2497.72705078,2211.35620117
2104.95678711,2100.59960938,2818.62280273,2765.73828125
2116.14599609,2106.9987793,2832.70141602,2600.85522461
2117.93212891,2107.28125,2453.98046875,1827.21350098
2112.078125,2105.1105957,2145.21606445,1694.29882813
2110.02148438,2108.81616211,2209.88720703,2324.89453125
2114.24633789,2113.10595703,2367.91186523,2376.35302734
2119.52319336,2109.55883789,2336.08056641,1498.41174316
2128.29101563,2105.46923828,2297.50146484,1268.14538574
2140.84985352,2109.6105957,2461.28271484,2636.81054688
2143.49194336,2115.33105469,2634.99462891,3928.20288086
2130.29394531,2115.87841797,2590.54345703,2967.38354492
2114.54956055,2114.359375,2473.94921875,637.577270508
2104.64160156,2109.81811523,2499.49023438,66.6701431274
2100.34521484,2100.98486328,2546.30297852,2342.76904297
2111.1953125,2101.01586914,2432.08764648,4864.16796875
2138.46435547,2117.7199707,2316.70117188,4068.92431641
2155.87182617,2133.20336914,2412.2902832,-106.675178528
2149.1418457,2133.19458008,2545.42504883,-2264.0871582
2142.51953125,2130.92382813,2458.35913086,2127.84033203
2150.26245117,2135.00268555,2277.88989258,7172.953125
2150.09277344,2131.11352539,2245.83056641,3983.83032227
2136.37353516,2120.17041016,2300.60668945,-2046.90612793
2140.26635742,2128.05371094,2317.11157227,-188.124359131
2167.67333984,2154.39672852,2373.76977539,3588.14404297
2179.7578125,2162.82397461,2452.50463867,484.351989746
2161.13891602,2142.35449219,2320.33203125,2900.23730469
2145.49853516,2125.59448242,1976.87536621,20492.9296875
2151.53759766,2129.76977539,1762.32775879,32384.4785156
2153.95727539,2134.16796875,1834.31530762,20382.40625
2137.62939453,2129.20361328,1987.48730469,2652.6796875
2124.11938477,2132.73999023,2087.86816406,198.707778931
2127.26196289,2146.15039063,2221.09033203,3410.94897461
2132.3359375,2147.15527344,2361.58959961,-256.513641357
2131.4362793,2135.23828125,2356.61376953,-2074.29418945
2135.77148438,2134.91967773,2271.29394531,4012.14892578
2146.7019043,2149.59179688,2337.85791016,7249.69970703
2152.29833984,2157.80151367,2561.61987305,2167.44067383
2152.79760742,2154.82324219,2722.16186523,-2238.18994141
2157.58935547,2155.96948242,2707.640625,4.29693126678
2162.32324219,2162.90087891,2557.41308594,4132.86816406
2156.25170898,2163.1496582,2293.47314453,4612.17480469
2143.58911133,2155.87988281,1966.70471191,1837.75756836
2135.15209961,2149.26928711,1730.80102539,-338.844787598
2130.58325195,2143.14135742,1676.75756836,396.538665771
2128.13183594,2135.96020508,1736.46179199,2592.72900391
2137.22460938,2135.94555664,1845.00366211,3361.63623047
2160.65478516,2148.88671875,2011.53161621,2225.20068359
2177.84399414,2165.90942383,2179.39746094,1139.35205078
2168.50634766,2173.44482422,2229.62817383,1348.34875488
2144.15039063,2168.28710938,2177.20996094,2173.82397461
2133.92944336,2158.40795898,2171.3996582,2545.78466797
2144.04003906,2152.4362793,2243.24316406,2388.67285156
2153.00390625,2150.83691406,2232.96386719,2189.38061523
2146.85766602,2149.13964844,2062.20605469,2079.43701172
2137.02856445,2147.36450195,1912.26513672,1906.66394043
2136.98071289,2148.4987793,1967.17785645,1788.31115723
2141.63867188,2149.86938477,2100.45507813,2004.74072266
2143.55053711,2147.6809082,2054.76757813,2415.73144531
2151.13647461,2147.15991211,1877.88220215,2496.52734375
2169.8671875,2154.53417969,1863.71899414,2105.86181641
2181.13452148,2163.73486328,2031.58398438,1780.05078125
2167.27026367,2165.91796875,2068.54077148,1997.81835938
2144.08203125,2164.89819336,1921.39135742,2524.82836914
2137.83398438,2167.46191406,1952.71240234,2763.37475586
2144.21582031,2168.10302734,2263.35424805,2459.48413086
2143.16186523,2159.68579102,2429.26586914,1909.41149902
2137.55029297,2148.69287109,2263.81005859,1697.32922363
2142.09643555,2145.09082031,2222.75146484,2157.89672852
2151.57641602,2148.1953125,2604.13745117,2867.91162109
2153.61767578,2153.71264648,2959.16943359,2984.40722656
2153.66015625,2161.3828125,2815.36499023,2366.00708008
2158.70043945,2167.44311523,2437.49194336,1826.17285156
2160.22875977,2165.05151367,2320.77392578,1907.02661133
2156.49487305,2158.34326172,2396.34570313,2135.76928711
2162.30175781,2160.06567383,2339.28930664,2035.6138916
2178.36132813,2171.72143555,2304.22558594,2014.61901855
2184.12719727,2181.57470703,2667.93164063,2473.48266602
2174.1496582,2182.66674805,3224.28540039,2860.58203125
2166.50341797,2177.77734375,3355.2512207,2556.19677734
2167.23681641,2168.96484375,2969.84985352,1976.09399414
2162.18774414,2156.99536133,2570.53222656,1831.56079102
2149.23071289,2148.50292969,2386.78491211,1965.73547363
2144.71875,2150.51220703,2185.64819336,1877.10388184
2153.0703125,2158.50512695,1953.49511719,1737.84350586
2158.96899414,2159.80932617,1979.0012207,1941.24133301
2154.26928711,2150.29541016,2222.7355957,2241.32739258
2148.71337891,2140.04370117,2335.18237305,2218.68188477
2148.64526367,2137.87353516,2273.38354492,2041.17883301
2144.62915039,2137.68334961,2261.7277832,2039.90344238
2129.70263672,2130.28857422,2307.48754883,2121.34301758
2117.21362305,2121.46386719,2326.44458008,2172.74487305
2125.31933594,2121.80493164,2454.90356445,2390.65209961
2147.15478516,2126.24853516,2728.07324219,2741.40893555
2155.83007813,2124.90917969,2834.51123047,2797.69946289
2143.54516602,2124.55175781,2618.23193359,2473.62109375
2132.14819336,2134.42919922,2364.30541992,2198.55981445
2134.47290039,2143.40356445,2258.1706543,2132.03491211
2134.04174805,2137.48583984,2118.54003906,1995.57958984
2119.97631836,2125.6015625,1926.37158203,1811.64257813
2110.4230957,2124.44360352,1967.95947266,1930.36291504
2119.12768555,2133.75830078,2215.67578125,2232.25073242
2129.8034668,2144.66259766,2258.99780273,2224.49194336
2128.31225586,2156.31762695,2047.55065918,1974.58666992
2129.47485352,2171.03613281,1992.44372559,2012.8137207
2144.61206055,2184.20776367,2203.17480469,2337.06787109
2153.65893555,2187.73291016,2351.37036133,2469.40844727
2141.55786133,2180.89257813,2345.87158203,2392.1953125
2131.79199219,2174.36279297,2413.58300781,2459.98999023
2147.43823242,2177.89208984,2517.85375977,2566.046875
2169.20483398,2185.51367188,2394.5090332,2359.08886719
2170.55493164,2185.41308594,2105.43554688,2038.2434082
2162.18798828,2180.42895508,1943.36560059,2028.79272461
2163.41479492,2180.03564453,1926.87011719,2203.0234375
2165.59130859,2180.09741211,1904.63537598,2227.25585938
2159.5324707,2173.08496094,1920.88049316,2226.74975586
2158.90185547,2166.36035156,2025.56835938,2377.33984375
2166.82885742,2168.01831055,2024.07995605,2398.04101563
2163.3671875,2169.98388672,1812.93945313,2125.24560547
2147.07861328,2164.27880859,1640.66638184,1968.80456543
2142.43212891,2158.73681641,1714.91345215,2195.86499023
2154.44433594,2161.89697266,1899.43786621,2436.36157227
2162.36157227,2168.96679688,2039.48461914,2410.09985352
2160.24316406,2172.56225586,2185.65478516,2391.95532227
2160.79516602,2173.3371582,2297.04199219,2512.28393555
2165.29711914,2174.21777344,2166.37402344,2424.28222656
2166.38305664,2174.41625977,1828.75305176,2064.10083008
2167.90722656,2172.45532227,1617.41162109,1895.39538574
2173.60180664,2169.24316406,1677.08581543,2087.01635742
2173.27441406,2166.23779297,1816.76379395,2265.79736328
2160.64477539,2162.77270508,1887.96435547,2254.52685547
2146.58666992,2157.07958984,1923.08435059,2261.39794922
2142.50512695,2150.20117188,1924.84985352,2304.62866211
2147.39941406,2146.08569336,1869.86523438,2194.63354492
2155.50634766,2146.31518555,1842.22729492,2010.80761719
2161.78613281,2148.23144531,1901.25354004,1972.09448242
2161.23754883,2149.13842773,1978.62390137,2040.59387207
2155.44189453,2148.65844727,2073.50024414,2123.18505859
2155.5222168,2148.25170898,2282.75488281,2299.91430664
2167.87768555,2151.17407227,2525.59594727,2499.4230957
2182.20336914,2158.0847168,2575.11181641,2447.14477539
2184.32348633,2162.36962891,2437.56201172,2193.99438477
2175.7355957,2158.89135742,2342.90527344,2116.14331055
2167.02954102,2154.06665039,2344.12109375,2248.61962891
2157.5222168,2154.48266602,2304.46533203,2268.72753906
2141.27490234,2153.55224609,2261.19995117,2181.98364258
2127.76806641,2144.93725586,2402.80834961,2312.48706055
2130.00952148,2136.49707031,2660.92602539,2588.82373047
2138.08300781,2134.71386719,2684.19335938,2553.3503418
2134.46948242,2131.74853516,2334.22045898,2151.77246094
2125.70825195,2122.85400391,1941.47473145,1864.26135254
2127.44091797,2117.88818359,1866.12866211,1929.43408203
2133.66040039,2122.953125,2014.76940918,2048.31152344
2132.27905273,2129.00146484,2114.53295898,2066.76000977
2131.06958008,2127.96606445,2255.39086914,2314.75170898
2138.81225586,2124.21240234,2644.13964844,2888.65722656
2143.70214844,2124.49755859,3007.36767578,3232.87792969
2135.81079102,2129.07373047,2914.09790039,2958.84765625
2126.40136719,2134.78051758,2524.66088867,2468.96484375
2125.22998047,2138.84204102,2295.54248047,2228.91357422
2125.78759766,2140.8737793,2192.29589844,2100.09423828
2127.69213867,2144.40454102,1956.10839844,1917.0234375
2142.24194336,2151.34692383,1784.61914063,1941.66369629
2162.69091797,2155.85668945,1958.07739258,2231.15478516
2163.71118164,2152.45556641,2213.38549805,2361.74804688
2143.54370117,2146.0715332,2201.7644043,2183.95043945
2130.29296875,2142.84643555,2085.48828125,2059.69433594
2134.37573242,2138.98706055,2120.1171875,2147.91381836
2135.05859375,2131.51538086,2218.35107422,2260.09936523
2125.84179688,2127.95361328,2344.27148438,2434.08154297
2127.36230469,2131.83666992,2679.93823242,2823.27172852
2141.3503418,2133.40087891,3092.87011719,3135.00219727
2140.29736328,2125.95849609,3132.92529297,2980.07421875
2118.86645508,2115.42749023,2756.91259766,2558.09692383
2107.8034668,2107.75561523,2377.33178711,2277.95410156
2120.15917969,2103.77026367,2156.85473633,2082.87841797
2128.56933594,2105.87792969,1956.09875488,1832.11767578
2113.97412109,2113.65258789,1865.3873291,1795.29833984
2097.88574219,2119.15820313,2039.86901855,2073.55932617
2105.02392578,2119.33398438,2210.30810547,2195.80371094
2124.32641602,2121.03076172,2078.38989258,1939.11120605
2132.49682617,2125.71289063,1889.60021973,1778.73205566
2134.21118164,2126.07104492,1969.80944824,1989.46325684
2147.24853516,2122.57666016,2144.28173828,2210.49511719
2162.03540039,2124.16699219,2190.62744141,2302.27905273
2154.66552734,2129.88549805,2288.11743164,2584.42919922
2132.98901367,2129.39208984,2508.8359375,2941.96313477
2127.56811523,2123.28027344,2525.33081055,2829.52368164
2140.62939453,2123.51635742,2241.12768555,2322.32299805
2146.49438477,2131.57836914,2009.18127441,2035.29907227
2139.01782227,2135.65063477,1950.90319824,2027.9666748
2137.82080078,2133.1887207,1816.22155762,1901.27270508
2149.40527344,2135.29394531,1648.56835938,1745.83276367
2156.5546875,2142.94482422,1765.38195801,1883.73181152
2148.8984375,2142.83203125,2052.84228516,2054.80761719
2140.60961914,2134.65405273,2108.96337891,1900.90185547
2148.73486328,2135.10791016,1993.76208496,1736.82531738
2164.82128906,2146.12280273,2050.84277344,1942.44226074
2165.88647461,2150.61206055,2228.49243164,2256.24731445
2153.80004883,2147.55834961,2310.92504883,2385.3371582
2155.15478516,2154.68554688,2437.53833008,2512.70019531
2173.74267578,2169.45922852,2726.05761719,2675.96020508
2182.29589844,2168.93188477,2860.89355469,2532.31591797
2173.25244141,2154.55029297,2614.28417969,2086.28955078
2169.76269531,2152.39697266,2250.83276367,1776.6282959
2174.75415039,2163.93286133,2030.87487793,1711.74047852
2163.34985352,2163.45166016,1886.65771484,1641.73120117
2136.63037109,2148.43188477,1805.18933105,1600.00537109
2128.70532227,2144.9621582,1925.49414063,1789.53381348
2150.63378906,2159.10571289,2153.40136719,2044.88916016
2173.10717773,2167.1171875,2224.44384766,2084.02270508
2171.51782227,2158.07617188,2134.86914063,2008.9909668
2154.83154297,2148.22363281,2080.99902344,2049.51733398
2145.29589844,2148.80957031,2116.38916016,2170.05102539
2149.56420898,2150.18432617,2205.48852539,2287.15966797
2156.37255859,2143.68066406,2398.37353516,2479.52392578
2157.03588867,2137.65063477,2682.29199219,2731.54003906
2156.48461914,2142.38671875,2848.63305664,2812.92675781
2156.56079102,2150.66015625,2696.66064453,2571.25878906
2146.79199219,2146.15942383,2273.27539063,2123.68847656
2128.88793945,2129.31445313,1818.11816406,1708.19494629
2125.54785156,2119.68212891,1504.66821289,1469.7154541
2143.06787109,2127.38354492,1328.29406738,1416.29467773
2155.11083984,2138.11572266,1291.52160645,1536.24499512
2145.30883789,2136.67675781,1495.63903809,1826.68603516
2132.37182617,2129.66845703,1863.40393066,2128.84033203
2134.08129883,2130.94921875,2066.84228516,2193.54443359
2141.88061523,2138.29272461,2001.36291504,2066.84106445
2146.51000977,2141.38696289,1957.2442627,2045.90539551
2153.40161133,2142.74853516,2087.88964844,2163.18212891
2160.31201172,2151.78100586,2211.95385742,2225.05053711
2153.89599609,2164.19116211,2296.46411133,2312.53564453
2138.58447266,2166.08178711,2514.58520508,2593.10913086
2135.75878906,2155.22851563,2748.1472168,2808.6574707
2146.48461914,2142.27368164,2672.0715332,2623.45605469
2149.09814453,2134.45947266,2308.45947266,2199.35913086
2139.67553711,2131.32324219,1952.45605469,1880.62841797
2138.55126953,2132.11645508,1733.19995117,1725.01733398
2151.20532227,2137.68701172,1681.41748047,1716.54211426
2159.09741211,2147.27392578,1888.22045898,1912.35803223
2154.30957031,2156.33911133,2246.60058594,2159.00170898
2150.31274414,2158.25415039,2445.51757813,2193.99780273
2154.9128418,2153.4140625,2429.76245117,2063.46069336
2159.70166016,2152.93457031,2410.72827148,1973.13342285
2158.85107422,2162.51074219,2403.00976563,1927.88635254
2157.7824707,2170.62207031,2311.52270508,1944.42346191
2158.71240234,2165.23144531,2359.2121582,2207.28735352
2152.33862305,2149.87451172,2757.05712891,2606.81762695
2134.06005859,2133.46142578,3136.15698242,2671.84545898
2118.74731445,2120.15844727,3015.77294922,2309.64697266
2123.27368164,2114.40039063,2581.75610352,1977.29870605
2141.82641602,2118.92431641,2320.57666016,1901.18103027
2156.57568359,2126.64648438,2239.02856445,1854.93383789
2160.55297852,2126.84399414,2099.01879883,1783.27099609
2152.98535156,2116.97802734,1996.37939453,1854.83276367
2134.91796875,2104.14282227,2095.56469727,1948.00292969
2123.00512695,2099.2644043,2197.86889648,1826.50610352
2133.34545898,2106.08691406,2062.02539063,1629.46899414
2147.14697266,2114.04003906,1826.43688965,1602.31091309
2137.95678711,2113.32226563,1810.12792969,1719.69702148
2123.1159668,2111.70825195,2103.46777344,1941.21179199
2131.19775391,2118.28271484,2459.44433594,2269.81933594
2143.39770508,2124.29589844,2533.83740234,2422.62158203
2132.92163086,2121.79003906,2296.29711914,2151.3762207
2124.20263672,2119.96826172,2078.421875,1793.46374512
2143.64111328,2123.53271484,2065.27661133,1775.28991699
2160.26928711,2122.8527832,2101.94384766,1944.43200684
2143.75415039,2119.76464844,2188.73852539,2088.2355957
2126.51513672,2130.26513672,2547.83105469,2431.66357422
2144.39404297,2152.99682617,2979.31420898,2933.33300781
2171.43676758,2167.7644043,2931.90551758,2965.76611328
2170.02172852,2168.1484375,2410.91137695,2339.11523438
2154.0625,2167.34960938,1995.63867188,1724.11291504
2155.79345703,2174.52661133,1897.53381348,1594.55554199
2172.62353516,2187.0793457,1853.14013672,1699.89501953
2182.10498047,2199.75878906,1855.02587891,1839.51245117
2179.38354492,2206.8984375,2100.44335938,2144.28662109
2176.60083008,2203.5065918,2365.765625,2434.44458008
2180.75170898,2192.12329102,2254.43505859,2280.64355469
2184.59399414,2182.35766602,1901.54699707,1810.72583008
2178.92944336,2181.40771484,1769.0501709,1620.1439209
2169.68481445,2188.10620117,1954.8170166,1883.48925781
2170.59912109,2194.42626953,2230.65820313,2273.27270508
2178.97851563,2192.54492188,2506.31640625,2619.07714844
2180.02294922,2183.05786133,2788.34619141,2930.56420898
2174.86865234,2173.94067383,2892.97558594,2958.11083984
2177.24755859,2170.84741211,2614.33569336,2469.9831543
2185.36157227,2173.28198242,2082.73413086,1808.92053223
2185.80541992,2177.93188477,1672.77770996,1513.85693359
2178.40820313,2179.21069336,1600.36108398,1597.5670166
2171.48291016,2171.44580078,1787.55554199,1773.54223633
2165.4909668,2157.33422852,2082.86450195,2049.46655273
2161.89160156,2147.77124023,2446.1550293,2511.97363281
2168.07299805,2147.57495117,2860.78515625,2908.84204102
2178.27050781,2148.88305664,3165.24438477,2960.47753906
2176.14990234,2144.125,3133.50756836,2731.77514648
2166.63427734,2137.96826172,2763.30322266,2397.27685547
2171.7487793,2138.82836914,2323.52294922,2029.21435547
2187.14038086,2144.25805664,2014.73583984,1733.60986328
2183.44189453,2146.13696289,1779.2791748,1629.6003418
2160.13525391,2147.30493164,1588.31591797,1715.90368652
2151.95483398,2156.8449707,1620.64111328,1956.68579102
2168.42895508,2169.32836914,1912.03210449,2288.70288086
2176.61303711,2169.90698242,2160.56103516,2506.61889648
2162.59521484,2161.43164063,2167.50097656,2473.14746094
2158.22021484,2161.48876953,2113.75219727,2346.33227539
2180.55615234,2170.88769531,2157.35107422,2299.39868164
2196.84057617,2173.18920898,2184.35351563,2280.38769531
2184.00097656,2166.75927734,2143.37524414,2256.73217773
2172.28686523,2166.72729492,2159.75634766,2305.69189453
2187.11645508,2173.21557617,2214.09887695,2364.49536133
2197.59350586,2169.45751953,2162.5703125,2303.57006836
2173.94091797,2155.19482422,2072.09838867,2209.21484375
2146.81323242,2149.93945313,2120.57958984,2230.25683594
2152.71875,2157.36206055,2265.12744141,2305.60522461
2170.0078125,2158.62597656,2358.59814453,2326.5222168
2165.68920898,2147.86425781,2414.31494141,2328.32666016
2152.97680664,2141.08959961,2468.15429688,2321.22851563
2151.66796875,2143.70117188,2408.17675781,2205.43945313
2149.51855469,2143.62207031,2188.51513672,2001.18005371
2141.57495117,2139.6730957,1986.48779297,1903.42675781
2145.04760742,2141.79125977,1949.66333008,1992.05529785
2155.40942383,2146.22241211,1999.65356445,2114.64111328
2153.61669922,2144.38916016,2029.37365723,2149.16357422
2153.10644531,2145.34594727,2066.88037109,2163.94458008
2172.77734375,2159.05053711,2124.50537109,2223.7434082
2190.01391602,2175.97167969,2119.66381836,2257.55834961
2183.35131836,2186.3046875,2047.28161621,2230.67602539
2175.75878906,2193.67236328,2016.88330078,2240.83837891
2183.40136719,2196.7355957,2071.63696289,2336.09228516
2183.27026367,2188.9362793,2170.29052734,2428.24462891
2170.14990234,2179.92504883,2307.90625,2453.81811523
2174.09716797,2183.36987305,2442.11083984,2436.30664063
2196.49243164,2189.16943359,2417.89404297,2375.21582031
2201.25146484,2180.85302734,2194.02758789,2255.80932617
2180.57666016,2167.38110352,1985.00976563,2149.00097656
2164.36914063,2166.60229492,1974.44213867,2144.05371094
2167.75341797,2174.36499023,2089.50415039,2227.96582031
2181.68017578,2177.73852539,2220.76147461,2336.57177734
2198.40112305,2179.9375,2396.24755859,2432.90136719
2207.76074219,2187.03515625,2576.88061523,2468.7434082
2195.37451172,2188.35327148,2581.91137695,2402.69677734
2168.50732422,2173.9140625,2401.10986328,2311.34790039
2151.6237793,2155.64111328,2305.57763672,2342.73242188
2148.9699707,2149.27172852,2471.85961914,2517.70410156
2147.453125,2149.35839844,2728.44873047,2697.52124023
2148.32885742,2142.67504883,2815.57299805,2748.0246582
2156.7956543,2132.42480469,2690.14477539,2631.75976563
2158.79101563,2129.44238281,2466.68041992,2395.30810547
2146.08544922,2132.36767578,2235.34301758,2162.78442383
2138.19116211,2133.07275391,2034.06994629,2057.67163086
2147.59399414,2129.99755859,1900.62109375,2081.91381836
2156.3125,2125.6171875,1887.93981934,2171.80566406
2150.34912109,2121.14526367,2010.50549316,2317.03295898
2140.91333008,2117.36767578,2155.97412109,2467.56469727
2138.03173828,2113.01245117,2152.85766602,2472.56665039
2137.37207031,2105.35791016,2015.77868652,2317.17163086
2135.98364258,2096.58959961,1961.71923828,2213.89697266
2135.08154297,2092.41821289,2079.07617188,2281.19799805
2134.18432617,2094.48583984,2218.22607422,2398.77832031
2135.57519531,2101.79052734,2309.95214844,2489.93286133
2141.53051758,2114.8581543,2471.55078125,2609.18383789
2149.02319336,2131.59692383,2673.53271484,2687.45922852
2158.72241211,2144.6472168,2660.75463867,2555.65014648
2171.12988281,2146.58935547,2365.31640625,2264.56005859
2171.34106445,2136.11621094,2066.46948242,2062.28930664
2150.63818359,2122.23486328,1987.43347168,2045.00732422
2132.74609375,2119.78979492,2040.5098877,2092.36621094
2138.30981445,2131.83349609,2104.59863281,2130.62402344
2149.74951172,2143.47094727,2230.76904297,2207.67822266
2150.16943359,2144.10913086,2409.62109375,2293.12084961
2153.50756836,2142.10327148,2458.1081543,2260.54980469
2163.43505859,2145.14453125,2327.20410156,2135.54614258
2157.29736328,2145.53051758,2221.40844727,2104.09350586
2135.17163086,2139.10351563,2261.35180664,2202.85302734
2129.45947266,2138.02319336,2340.62451172,2284.1484375
2150.74780273,2148.74536133,2396.02734375,2311.97729492
2171.04321289,2155.87695313,2465.93774414,2354.14379883
2168.40625,2145.64282227,2474.61767578,2328.16259766
2153.15356445,2130.87329102,2331.74658203,2133.78564453
2143.59350586,2132.57226563,2173.58691406,1920.20996094
2139.79248047,2146.78710938,2161.2746582,1875.59545898
2133.52734375,2152.69946289,2206.18823242,1947.10510254
2129.58666992,2147.25366211,2184.16699219,2026.6973877
2136.39794922,2146.03051758,2168.70922852,2140.20776367
2145.24755859,2153.48388672,2214.35546875,2278.72265625
2145.28710938,2159.98999023,2203.04077148,2333.80273438
2146.77441406,2166.25,2092.67724609,2289.43920898
2161.77514648,2182.80883789,2035.82397461,2240.54907227
2181.58227539,2206.49267578,2117.65722656,2226.37207031
2195.48510742,2221.93676758,2216.2265625,2213.49560547
2204.1003418,2224.66381836,2217.23901367,2187.55932617
2204.80566406,2223.58959961,2179.4362793,2169.3828125
2197.70092773,2224.98486328,2195.55932617,2183.04956055
2198.15527344,2227.55615234,2219.98876953,2214.92724609
2209.89575195,2228.00878906,2160.46948242,2211.1706543
2211.94506836,2224.15771484,2073.19091797,2172.89135742
2198.83129883,2217.71826172,2090.92358398,2171.03955078
2192.40576172,2214.63720703,2182.31713867,2187.9362793
2198.81665039,2217.28271484,2221.61328125,2130.13989258
2202.03271484,2220.10131836,2276.47314453,2069.91943359
2200.859375,2218.31958008,2495.49853516,2177.5625
2205.50244141,2215.39550781,2731.7409668,2360.75195313
2208.69677734,2216.30078125,2687.62280273,2351.64819336
2198.09472656,2217.9230957,2410.69775391,2174.78222656
2179.6652832,2212.78930664,2211.52001953,2091.95703125
2166.61132813,2201.55419922,2155.41796875,2103.18212891
2164.31542969,2194.07226563,2087.78588867,1998.38671875
2171.56030273,2194.73803711,2050.23657227,1865.05249023
2179.83886719,2195.89404297,2190.70336914,1986.81591797
2179.08666992,2192.08691406,2363.84912109,2250.39086914
2173.08496094,2189.4152832,2281.21020508,2245.1315918
2172.25732422,2192.55419922,1982.41882324,1968.19702148
2173.81323242,2196.35546875,1762.87207031,1819.88623047
2173.1574707,2199.14355469,1718.0123291,1896.80773926
2181.10839844,2208.53344727,1714.29345703,1942.12780762
2201.88256836,2225.37329102,1716.73754883,1959.53100586
2216.72558594,2237.64111328,1801.43762207,2172.76928711
2215.35400391,2236.87963867,1923.43554688,2447.85400391
2212.68359375,2226.84692383,1979.87487793,2457.91577148
2214.51513672,2214.1472168,2015.21228027,2286.7253418
2205.29541016,2202.70556641,2103.8581543,2222.86987305
2183.078125,2194.74121094,2170.95605469,2209.46972656
2165.86791992,2187.80810547,2168.74414063,2097.53344727
2159.55224609,2177.36743164,2219.88964844,2069.28027344
2156.59619141,2166.17407227,2341.53637695,2233.00390625
2157.99755859,2160.51855469,2309.73339844,2259.62792969
2164.953125,2157.80786133,2066.59814453,1968.68103027
2165.60229492,2150.35595703,1909.81982422,1739.85107422
2152.8359375,2138.48071289,1990.11608887,1850.78149414
2136.78979492,2129.78613281,2069.52270508,2048.36621094
2130.609375,2130.0144043,2081.08520508,2203.0090332
2140.33056641,2139.49780273,2329.14428711,2578.54858398
2163.87158203,2153.39331055,2770.76733398,3045.65551758
2187.03857422,2165.13452148,2828.87084961,2979.72900391
2193.41601563,2171.97900391,2352.2253418,2340.31274414
2184.09741211,2173.04833984,1966.81628418,1864.10827637
2172.19067383,2165.40869141,2041.50671387,1896.6697998
2161.74804688,2151.38745117,2149.86767578,2020.23657227
2150.18237305,2142.57836914,1959.61938477,1971.29858398
2142.72167969,2145.46655273,1789.16491699,1969.08886719
2145.38842773,2151.74804688,1899.03479004,2099.32617188
2151.29638672,2152.2097168,2027.68115234,2168.24584961
2150.5625,2150.97583008,1971.14831543,2131.25927734
2147.06518555,2157.17504883,1961.51794434,2139.37915039
2149.43310547,2167.96240234,2178.53662109,2258.55297852
2152.609375,2170.01147461,2371.44091797,2374.50317383
2146.58666992,2160.33886719,2229.10571289,2279.55297852
2135.94946289,2153.53466797,1866.51806641,1936.7154541
2131.94213867,2158.35400391,1719.93200684,1713.23266602
2134.49536133,2162.94140625,1990.8692627,1974.15234375
2138.3112793,2158.21118164,2364.17626953,2437.10986328
2144.39550781,2154.94262695,2426.67871094,2528.52050781
2153.08544922,2160.38964844,2219.26049805,2297.79956055
2158.20263672,2162.87426758,2060.90991211,2206.64379883
2155.64648438,2155.91918945,1976.11486816,2213.11743164
2148.68994141,2151.07006836,1793.85717773,2001.69580078
2142.69360352,2154.24536133,1688.98608398,1843.08251953
2139.89526367,2155.37060547,1968.82116699,2177.31982422
2140.34204102,2149.50268555,2389.21289063,2647.61425781
2145.7824707,2145.04199219,2406.73681641,2600.37011719
2155.55102539,2146.34741211,2046.20275879,2187.39892578
2158.20922852,2146.93481445,1778.55187988,1979.43566895
2145.72558594,2142.82299805,1693.6940918,1961.21179199
2135.4597168,2138.38525391,1578.3939209,1862.86047363
2145.56713867,2135.89208984,1552.08825684,1897.88745117
2156.46899414,2131.03613281,1805.77392578,2254.41137695
2144.17260742,2124.20117188,2056.38037109,2513.05541992
2130.58349609,2124.04443359,2017.04541016,2368.79467773
2140.74194336,2130.9128418,1933.46801758,2178.82910156
2148.44311523,2131.90234375,2041.73950195,2200.57763672
2132.15527344,2125.42382813,2166.50732422,2208.64648438
2129.0793457,2130.14160156,2305.13989258,2247.3815918
2161.92114258,2151.5871582,2726.33642578,2649.89990234
2180.63647461,2165.59936523,3185.35449219,3115.81176758
2149.03320313,2157.26098633,3070.17358398,2995.37207031
2114.78100586,2146.53881836,2480.89697266,2469.30859375
2124.52075195,2150.36206055,2085.91577148,2193.80712891
2145.81884766,2153.58178711,1966.2277832,2087.48388672
2139.39013672,2145.79760742,1734.57800293,1764.56213379
2133.49536133,2149.35961914,1547.58728027,1591.83300781
2160.00830078,2177.53588867,1800.20227051,1982.23754883
2184.93603516,2201.5612793,2153.35620117,2372.59448242
2169.56225586,2195.72412109,2031.33508301,2162.20825195
2143.02197266,2181.10864258,1685.2845459,1812.09313965
2149.5012207,2186.60302734,1709.64001465,1918.55419922
2171.76538086,2198.75244141,1999.67602539,2193.72875977
2169.32666016,2190.85864258,2138.16162109,2293.9855957
2152.0390625,2173.10693359,2237.02001953,2543.58666992
2155.54492188,2171.99316406,2529.93701172,3037.92382813
2175.28857422,2183.80419922,2723.61181641,3168.58178711
2180.20458984,2187.87573242,2497.08984375,2685.91870117
2168.36083984,2185.09277344,2080.27563477,2147.23144531
2161.97485352,2187.42529297,1795.91015625,1906.51416016
2165.25927734,2188.50317383,1620.71728516,1748.04748535
2165.2331543,2176.63867188,1557.56408691,1698.90588379
2160.10717773,2160.17919922,1795.9362793,2066.48535156
2157.78027344,2154.15771484,2251.49731445,2603.80712891
2157.84619141,2157.35131836,2553.23388672,2721.5222168
2155.15844727,2160.40966797,2594.78613281,2468.93481445
2150.89916992,2161.04663086,2560.77636719,2338.68017578
2149.38452148,2160.93383789,2504.24169922,2369.43310547
2154.46777344,2162.53442383,2434.70117188,2363.49975586
2170.38330078,2171.54174805,2573.47290039,2541.04785156
2192.92480469,2188.42236328,2973.49975586,3049.11987305
2204.61474609,2201.37890625,3212.81982422,3347.25097656
2194.04614258,2200.45166016,2969.57470703,2962.78710938
2173.09594727,2191.44482422,2517.9152832,2299.1965332
2160.74804688,2185.8293457,2227.74609375,1938.34082031
2159.10131836,2185.7512207,2041.53210449,1802.59460449
2159.31835938,2187.06933594,1850.9654541,1695.32958984
2161.11035156,2188.92016602,1870.74072266,1896.93640137
2169.9440918,2192.88330078,2192.38061523,2499.77856445
2180.73339844,2196.7265625,2442.45751953,2913.25097656
2180.27246094,2194.79589844,2333.40600586,2738.77246094
2165.80029297,2186.05932617,2135.97949219,2414.12207031
2149.49658203,2178.47680664,2190.70483398,2390.61328125
2142.34667969,2179.74536133,2369.1965332,2464.51757813
2141.41894531,2185.33886719,2431.3269043,2449.26660156
2136.45141602,2184.38378906,2492.08105469,2620.49926758
2124.73950195,2176.05859375,2705.32202148,2995.08862305
2114.30029297,2168.60791016,2863.48730469,3064.20825195
2110.48974609,2163.22045898,2701.7734375,2640.94360352
2106.06787109,2153.63647461,2297.49951172,2135.83569336
2095.11352539,2142.95166016,1922.77050781,1831.42431641
2089.88134766,2144.25268555,1780.1138916,1702.25170898
2102.51318359,2158.99121094,1956.91894531,1849.80944824
2115.66650391,2169.92480469,2348.90112305,2297.49902344
2103.40014648,2164.41235352,2676.0769043,2640.22729492
2077.66967773,2152.04223633,2803.89404297,2599.25268555
2072.96264648,2148.55126953,2844.98876953,2454.71508789
2087.23413086,2153.06005859,2816.86157227,2434.77368164
2087.40136719,2154.3659668,2633.54736328,2396.26342773
2072.38500977,2152.58032227,2527.72827148,2437.81030273
2075.07568359,2159.13500977,2848.15039063,2885.48144531
2100.10083008,2176.43139648,3341.22216797,3436.70556641
2116.81860352,2192.62695313,3372.29760742,3363.20581055
2116.91381836,2200.76782227,2925.24487305,2704.75610352
2122.45483398,2207.89941406,2584.35400391,2216.52856445
2132.65283203,2215.71459961,2534.41723633,2136.5324707
2117.81420898,2209.21630859,2438.73608398,2059.10766602
2076.36279297,2182.86865234,2247.85986328,1916.09094238
2049.81591797,2161.6262207,2258.41455078,2029.24377441
2064.70019531,2169.52294922,2442.17773438,2308.50073242
2096.64599609,2191.62597656,2475.52050781,2326.81713867
2110.74414063,2198.06298828,2323.29125977,2073.7590332
2107.54492188,2190.51879883,2227.39648438,1925.94714355
2106.69604492,2189.94311523,2301.44262695,2026.16137695
2109.6184082,2195.4440918,2491.80200195,2178.50024414
2106.421875,2193.7097168,2687.77758789,2185.46020508
2103.14526367,2191.89086914,2721.94555664,2026.82775879
2112.68457031,2203.38598633,2542.83691406,1851.92358398
2128.16162109,2217.69213867,2342.1965332,1826.28491211
2131.66308594,2217.94848633,2255.38208008,1899.91943359
2123.77661133,2211.88012695,2177.36791992,1913.66906738
2121.72631836,2216.48999023,2098.05859375,1933.77832031
2131.09472656,2227.23730469,2206.37841797,2100.37011719
2138.68188477,2227.10424805,2443.61523438,2224.60351563
2133.52099609,2214.5012207,2450.0090332,2047.52539063
2119.80273438,2201.58984375,2150.84033203,1753.74365234
2107.23950195,2193.3684082,1894.26367188,1682.50048828
2100.53662109,2186.69262695,1887.72192383,1770.01794434
2100.16015625,2183.91650391,1992.91699219,1808.71081543
2103.24389648,2188.64233398,2106.5065918,1886.28564453
2103.15869141,2192.01806641,2242.59936523,2047.20593262
2097.36669922,2183.25805664,2275.03515625,2010.42565918
2092.8425293,2169.64086914,2079.27880859,1723.59216309
2094.83764648,2165.10253906,1838.70446777,1616.35144043
2098.18139648,2166.43310547,1794.12414551,1869.71020508
2098.86499023,2163.72241211,1873.29406738,2110.98364258
2101.30371094,2162.83154297,1928.45031738,2170.93652344
2105.35107422,2172.85620117,2046.45910645,2340.65844727
2103.14575195,2185.54541016,2261.14916992,2594.12158203
2095.90234375,2190.26611328,2302.72387695,2452.95898438
2094.05444336,2192.45825195,2010.3515625,1903.65844727
2096.79638672,2197.99438477,1667.09191895,1554.56726074
2093.18432617,2199.34228516,1582.04211426,1650.84216309
2084.45727539,2192.98388672,1672.81726074,1814.79077148
2083.45214844,2189.48510742,1778.52197266,1904.08276367
2093.58081055,2194.63134766,2006.52453613,2203.29003906
2107.17333984,2200.23388672,2408.27734375,2650.73193359
2118.30297852,2199.68334961,2674.49975586,2766.26391602
2121.48095703,2194.72045898,2521.80493164,2424.74462891
2109.02685547,2186.31469727,2097.70678711,1983.59472656
2084.23339844,2175.09716797,1762.9486084,1749.63293457
2064.5871582,2167.73364258,1734.24804688,1851.34594727
2061.16064453,2169.61962891,2006.37670898,2275.42138672
2067.76416016,2176.68774414,2360.30371094,2668.95922852
2075.9440918,2183.11328125,2515.77734375,2650.29370117
2085.00585938,2188.94433594,2440.00561523,2387.6965332
2093.10253906,2194.64501953,2272.77563477,2186.35131836
2094.22314453,2197.44213867,1974.2947998,1848.75695801
2088.64941406,2196.52807617,1520.61889648,1313.9095459
2084.52929688,2194.01049805,1271.00585938,1209.24707031
2086.19628906,2190.13671875,1483.84228516,1763.61376953
2089.28881836,2183.83325195,1756.21325684,2144.97680664
2088.88256836,2176.52392578,1647.8347168,1843.01062012
2086.85400391,2170.98291016,1421.5378418,1527.19250488
2088.93139648,2168.47998047,1479.28149414,1709.82055664
2096.24414063,2169.17700195,1660.0,1920.68041992
2103.59741211,2172.74047852,1744.84887695,1899.61730957
2107.9375,2177.13696289,1957.03027344,2152.97045898
2112.80957031,2178.76489258,2368.61743164,2723.87084961
2120.14770508,2175.81542969,2548.88330078,2834.77075195
2125.10620117,2170.98803711,2298.01220703,2264.70776367
2124.01513672,2167.7980957,1996.7611084,1764.58520508
2119.50708008,2164.56762695,1889.2791748,1743.8885498
2114.91503906,2157.91381836,1798.3112793,1813.20544434
2111.90576172,2151.5949707,1741.50598145,1835.4699707
2113.09863281,2152.41235352,1963.54174805,2125.18115234
2118.75634766,2157.58105469,2260.55419922,2480.9855957
2124.35449219,2158.07788086,2175.92358398,2326.88330078
2128.10302734,2154.73486328,1850.05273438,1843.11022949
2134.65673828,2158.64697266,1785.09301758,1722.10131836
2146.359375,2174.55761719,1955.64294434,1967.7980957
2158.29785156,2194.07641602,2041.99694824,2119.81665039
2165.92407227,2207.09130859,2185.23022461,2272.87744141
2170.62402344,2212.74365234,2607.54614258,2692.55371094
2173.99804688,2215.29296875,2932.02856445,2963.67236328
2172.03759766,2212.83984375,2733.42919922,2648.36865234
2161.38061523,2199.72216797,2286.05981445,2161.95703125
2149.6887207,2182.95654297,2058.93139648,2035.89135742
2149.68237305,2181.08642578,2011.74072266,2070.58544922
2159.99389648,2196.37329102,1962.56054688,2009.56506348
2165.68188477,2206.63964844,2058.0390625,2150.65551758
2163.26733398,2199.21191406,2386.19970703,2594.50244141
2165.90209961,2190.21386719,2663.11108398,2817.36523438
2175.54150391,2192.74316406,2665.0769043,2551.92407227
2175.56445313,2193.71850586,2515.83227539,2216.23901367
2162.6809082,2183.64379883,2381.07788086,2130.76757813
2157.18969727,2179.15307617,2321.55664063,2172.97509766
2168.66137695,2191.95336914,2450.9440918,2331.79663086
2181.83203125,2204.94995117,2773.86987305,2715.25756836
2187.03881836,2202.27807617,2963.79223633,3012.59838867
2192.03881836,2194.45385742,2751.75146484,2798.81152344
2196.11474609,2194.2277832,2337.65600586,2258.7409668
2186.99243164,2195.55981445,2017.62866211,1889.90759277
2169.79003906,2192.30078125,1766.74475098,1794.0234375
2166.18603516,2192.0925293,1580.30554199,1868.73022461
2180.13110352,2200.26806641,1700.3380127,2176.00292969
2192.99755859,2210.10229492,2079.3828125,2564.0949707
2193.94360352,2213.93188477,2220.33422852,2564.24365234
2189.25708008,2209.87695313,1942.85583496,2130.02246094
2183.41723633,2199.72973633,1686.15344238,1816.74328613
2176.31201172,2189.35522461,1778.27905273,1946.18212891
2176.53735352,2184.80126953,2068.6652832,2286.46826172
2191.40844727,2184.41259766,2418.7109375,2643.13769531
2206.09594727,2183.04956055,2848.14257813,3026.74316406
2199.55151367,2181.5769043,3152.22753906,3254.89257813
2178.01391602,2181.94433594,3036.06787109,3073.04296875
2163.87890625,2178.77197266,2573.49121094,2575.95410156
2157.82226563,2167.35717773,2035.63867188,2028.3548584
2145.88793945,2154.13623047,1553.45178223,1574.22180176
2134.46386719,2148.31176758,1337.63696289,1440.74438477
2138.66430664,2148.38867188,1677.74768066,1860.53918457
2147.68164063,2147.08886719,2340.21606445,2532.24853516
2143.40991211,2144.10229492,2651.78881836,2854.6003418
2137.48510742,2142.55883789,2489.78051758,2806.55273438
2147.13476563,2137.93847656,2416.14257813,2796.18041992
2156.0168457,2124.42700195,2659.02905273,2787.89575195
2143.61401367,2109.20703125,2871.83862305,2601.61767578
2128.12841797,2105.61132813,2996.11352539,2729.14770508
2134.79638672,2113.28515625,3352.29833984,3581.98999023
2148.59301758,2119.36865234,3785.94824219,4333.58105469
2142.81860352,2118.49584961,3734.65942383,3912.65014648
2127.23828125,2117.08862305,3241.25561523,2777.58251953
2125.47265625,2117.72363281,2984.27050781,2329.65112305
2131.11865234,2114.62475586,3221.54174805,2868.34179688
2126.62768555,2107.74389648,3485.66088867,3364.65844727
2122.65429688,2106.81396484,3387.64770508,3088.59326172
2139.4699707,2115.52026367,3104.46801758,2482.60546875
2164.86254883,2123.84155273,3002.70288086,2382.17333984
2168.20532227,2123.1496582,3160.75683594,2907.92797852
2149.85205078,2118.22900391,3321.59106445,3337.20239258
2139.42333984,2116.25463867,3221.44628906,3076.65942383
2144.35302734,2113.99853516,2957.32421875,2516.12646484
2141.36743164,2106.60058594,2848.91308594,2420.56958008
2126.81445313,2100.6940918,2884.56225586,2683.20263672
2128.1730957,2106.05761719,2736.73754883,2599.19360352
2151.29003906,2119.72094727,2428.41503906,2260.54418945
2166.34912109,2130.74169922,2343.06958008,2415.58666992
2161.62060547,2136.41259766,2455.93481445,2886.4609375
2160.44555664,2142.52880859,2350.29077148,2625.10644531
2173.71582031,2151.87792969,2083.38305664,1683.20776367
2184.46508789,2161.56274414,2134.75366211,1572.46679688
2183.55297852,2166.90087891,2444.69360352,2904.53100586
2177.62133789,2163.01025391,2423.91259766,3951.78442383
2167.55371094,2149.62207031,1938.2755127,2776.48974609
2153.18481445,2135.16162109,1459.33422852,327.556030273
2144.60473633,2127.99414063,1280.65722656,-380.23324585
2146.62280273,2128.03686523,1280.52526855,1856.26196289
2152.48193359,2133.92382813,1357.04284668,4641.99658203
2160.01367188,2146.36132813,1509.92749023,4189.12744141
2168.99560547,2157.68896484,1594.26147461,-0.706499576569
2168.3425293,2155.70776367,1458.5904541,-2467.07666016
2153.18603516,2143.74267578,1238.86120605,1749.59533691
2141.81347656,2138.22729492,1179.96081543,6847.66650391
2150.6796875,2144.1706543,1294.58886719,3724.74633789
2167.95263672,2151.15625,1468.9510498,-2241.82910156
2172.35595703,2152.11450195,1707.02587891,-207.012542725
2163.91162109,2149.68164063,1980.19689941,3743.17407227
2158.66992188,2146.79052734,2062.36669922,629.28112793
2161.68920898,2142.91381836,1835.17565918,2922.49707031
2161.01220703,2137.01953125,1544.14208984,20470.65625
2149.52563477,2129.07568359,1458.72351074,32431.8945313
2138.82519531,2121.53051758,1506.96643066,20523.3789063
2139.90893555,2118.01147461,1504.43603516,2829.17602539
2142.52392578,2116.79272461,1483.58508301,311.123657227
2133.50585938,2111.24365234,1535.10351563,3392.0090332
2123.52832031,2101.09375,1564.29821777,-376.7706604
2129.69116211,2094.86914063,1470.99841309,-2241.81884766
2143.16430664,2096.21899414,1384.2454834,3772.55712891
2143.17871094,2097.97265625,1463.40588379,6909.43896484
2133.17602539,2096.45947266,1619.06188965,1811.81286621
2134.1184082,2100.54711914,1680.86950684,-2488.57714844
2148.84228516,2115.83325195,1685.36181641,-123.874404907
2159.73046875,2130.63598633,1739.44995117,4085.94384766
2159.51123047,2133.35400391,1788.92724609,4662.96142578
2160.92138672,2133.43994141,1779.34960938,1998.97509766
2171.97070313,2143.88208008,1807.53991699,-189.995925903
2181.44067383,2153.69897461,1905.70568848,385.563903809
2178.9128418,2145.25366211,1995.4317627,2524.44726563
2172.93212891,2128.01098633,2187.87109375,3568.00146484
2174.98364258,2123.68920898,2691.24389648,2894.25024414
2179.23339844,2129.16357422,3294.00976563,2087.71435547
2174.58032227,2126.74926758,3425.23876953,2155.25805664
2164.5871582,2119.1340332,2899.18725586,2420.17382813
2159.37792969,2121.5324707,2187.89477539,2072.26074219
2159.05273438,2130.60107422,1787.74841309,1496.51647949
2158.68847656,2131.79833984,1682.10473633,1397.91870117
2159.55419922,2128.87255859,1659.19140625,1620.00817871
2165.81860352,2138.78100586,1806.54553223,1732.41760254
2177.24755859,2161.62304688,2242.98608398,1908.20800781
2188.02416992,2178.22021484,2591.48852539,2314.34472656
2189.70874023,2178.20385742,2371.11767578,2504.7175293
2180.42431641,2172.59375,1843.2142334,2200.32788086
2170.35131836,2173.11230469,1701.80444336,1814.03271484
2167.63354492,2174.08764648,1927.34118652,1689.18676758
2165.7565918,2166.23657227,1850.4630127,1695.44958496
2159.24414063,2156.25170898,1422.25061035,1802.46264648
2157.37426758,2155.83154297,1399.03723145,2146.69799805
2164.95532227,2159.87768555,2042.84814453,2496.69580078
2170.01806641,2155.49047852,2641.31469727,2520.04370117
2167.37304688,2146.23657227,2673.59155273,2475.19091797
2168.15673828,2145.54663086,2550.54980469,2807.08496094
2173.13720703,2151.39453125,2761.44360352,3247.82958984
2168.76220703,2151.2253418,3087.00488281,3194.99389648
2158.04174805,2146.79443359,3176.47583008,2831.50219727
2159.95581055,2149.3659668,3227.88085938,2928.20068359
2175.04418945,2155.99169922,3521.05517578,3545.21020508
